         1        3.958101E-05        3.950413E-05        2.077961E-06         1        1.246378E+00
         1        1.687871E-04        1.695377E-04        8.439357E-06         1        1.720068E+00
         1        4.741016E-03        4.448269E-03        2.370508E-04         1        4.000625E+00
         1        1.046743E-02        1.217502E-02        9.737268E-04         1        8.298263E+00
         1        4.346706E-06        4.303368E-06        2.173353E-07         1        1.799687E-01
         1        4.977661E-06        5.088976E-06        2.488831E-07         1        2.413620E-01
         1        6.197796E-06        6.200023E-06        3.098898E-07         1        2.945202E-01
         1        6.924173E-06        6.721648E-06        4.246979E-07         1        3.460354E-01
         1        0.000000E+00        8.223730E-06        0.000000E+00         0        3.874800E-01
         1        0.000000E+00        1.171471E-05        0.000000E+00         0        4.746211E-01
         1        0.000000E+00        1.435381E-05        0.000000E+00         0        6.199975E-01
         1        0.000000E+00        1.718060E-05        0.000000E+00         0        8.089146E-01
         1        0.000000E+00        4.865557E-06        0.000000E+00         0        2.325059E-01
         1        1.091098E-05        1.137347E-05        1.489617E-06         1        4.651756E-01
         1        0.000000E+00        1.452083E-05        0.000000E+00         0        6.205809E-01
         1        0.000000E+00        1.738961E-05        0.000000E+00         0        8.149094E-01
         1        0.000000E+00        4.657810E-05        0.000000E+00         0        1.344399E+00
         1        0.000000E+00        1.461801E-04        0.000000E+00         0        1.701262E+00
         2        4.578117E-05        4.905304E-05        2.445629E-06         1        7.888053E-01
         2        8.616668E-05        8.881258E-05        4.308334E-06         1        1.088593E+00
         2        2.791717E-03        2.925386E-03        1.517047E-04         1        2.531908E+00
         2        1.192999E-02        1.084267E-02        9.229859E-04         1        5.251788E+00
         2        8.545661E-06        8.556424E-06        4.272831E-07         1        1.138983E-01
         2        9.236519E-06        9.046999E-06        4.618260E-07         1        1.527527E-01
         2        8.575055E-06        8.582590E-06        4.287527E-07         1        1.863954E-01
         2        8.574730E-06        8.682904E-06        4.287365E-07         1        2.189982E-01
         2        0.000000E+00        9.403118E-06        0.000000E+00         0        2.452276E-01
         2        1.239312E-05        1.129935E-05        4.105528E-06         1        3.003773E-01
         2        1.886923E-05        1.516549E-05        7.047077E-06         1        3.923828E-01
         2        5.544784E-05        2.453604E-05        1.294108E-05         1        5.119443E-01
         2        8.995519E-06        9.163104E-06        6.445870E-07         1        1.471479E-01
         2        0.000000E+00        1.131926E-05        0.000000E+00         0        2.943994E-01
         2        0.000000E+00        1.534863E-05        0.000000E+00         0        3.927520E-01
         2        0.000000E+00        2.469295E-05        0.000000E+00         0        5.157382E-01
         2        5.286185E-05        5.260797E-05        2.643093E-06         1        8.508403E-01
         2        9.205839E-05        8.286308E-05        4.602920E-06         1        1.076691E+00
         3        2.888596E-05        3.414161E-05        2.367841E-06         1        1.062071E+00
         3        5.367096E-05        5.435477E-05        3.905190E-06         1        1.465715E+00
         3        2.555473E-03        2.556125E-03        1.277737E-04         1        3.409036E+00
         3        1.109277E-02        1.111780E-02        7.151774E-04         1        7.071166E+00
         3        2.687875E-06        2.944509E-06        1.343938E-07         1        1.533560E-01
         3        3.984100E-06        4.053628E-06        1.992050E-07         1        2.056708E-01
         3        5.799076E-06        5.597003E-06        2.899538E-07         1        2.509683E-01
         3        7.962280E-06        7.138673E-06        3.981140E-07         1        2.948657E-01
         3        0.000000E+00        7.398015E-06        0.000000E+00         0        3.301818E-01
         3        0.000000E+00        9.138886E-06        0.000000E+00         0        4.044370E-01
         3        3.278885E-05        1.321191E-05        7.357934E-06         1        5.283160E-01
         3        2.779400E-05        1.991626E-05        7.263318E-06         1        6.892971E-01
         3        4.142154E-06        3.891224E-06        6.336823E-07         1        1.981243E-01
         3        8.033476E-06        8.925554E-06        1.604493E-06         1        3.963882E-01
         3        0.000000E+00        1.317674E-05        0.000000E+00         0        5.288131E-01
         3        0.000000E+00        1.990223E-05        0.000000E+00         0        6.944054E-01
         3        3.719991E-05        3.583685E-05        1.935832E-06         1        1.145597E+00
         3        5.225667E-05        5.044957E-05        2.612833E-06         1        1.449689E+00
         4        2.147271E-05        2.212909E-05        2.116149E-06         1        7.985649E-01
         4        3.001507E-05        3.399098E-05        4.174380E-06         1        1.102062E+00
         4        2.086755E-03        2.091449E-03        1.133963E-04         1        2.563234E+00
         4        1.103164E-02        1.100036E-02        7.417177E-04         1        5.316767E+00
         4        7.122493E-06        6.758321E-06        3.561247E-07         1        1.153075E-01
         4        7.416006E-06        6.411460E-06        3.708003E-07         1        1.546426E-01
         4        5.347349E-06        5.891109E-06        2.673674E-07         1        1.887016E-01
         4        5.153915E-06        5.713847E-06        2.576958E-07         1        2.217078E-01
         4        0.000000E+00        5.976337E-06        0.000000E+00         0        2.482617E-01
         4        0.000000E+00        6.748436E-06        0.000000E+00         0        3.040937E-01
         4        0.000000E+00        7.165216E-06        0.000000E+00         0        3.972376E-01
         4        0.000000E+00        1.162362E-05        0.000000E+00         0        5.182784E-01
         4        6.899637E-06        6.511574E-06        3.449819E-07         1        1.489685E-01
         4        7.873524E-06        6.881100E-06        1.085964E-06         1        2.980419E-01
         4        0.000000E+00        7.201781E-06        0.000000E+00         0        3.976114E-01
         4        0.000000E+00        1.165477E-05        0.000000E+00         0        5.221193E-01
         4        2.261000E-05        2.348971E-05        1.892973E-06         1        8.613674E-01
         4        3.402029E-05        3.254248E-05        1.701015E-06         1        1.090013E+00
         5        3.517927E-05        3.376645E-05        2.203289E-06         1        6.734215E-01
         5        6.253734E-05        6.504909E-05        3.859134E-06         1        9.293577E-01
         5        3.232000E-03        3.113821E-03        1.616000E-04         1        2.161549E+00
         5        1.089031E-02        1.155975E-02        8.425488E-04         1        4.483575E+00
         5        1.040268E-06        1.305867E-06        8.198538E-08         1        9.723760E-02
         5        5.521314E-06        4.320939E-06        2.760657E-07         1        1.304085E-01
         5        5.220743E-06        5.648726E-06        2.749993E-07         1        1.591301E-01
         5        4.629662E-06        6.019618E-06        3.387568E-07         1        1.869639E-01
         5        0.000000E+00        6.513258E-06        0.000000E+00         0        2.093565E-01
         5        0.000000E+00        7.745268E-06        0.000000E+00         0        2.564391E-01
         5        0.000000E+00        9.696948E-06        0.000000E+00         0        3.349864E-01
         5        0.000000E+00        1.808873E-05        0.000000E+00         0        4.370588E-01
         5        5.707241E-06        3.863992E-06        2.853621E-07         1        1.256236E-01
         5        0.000000E+00        7.608612E-06        0.000000E+00         0        2.513357E-01
         5        9.211630E-06        9.748556E-06        1.985706E-06         1        3.353016E-01
         5        1.863528E-05        1.851115E-05        3.094350E-06         1        4.402978E-01
         5        0.000000E+00        3.557015E-05        0.000000E+00         0        7.263823E-01
         5        0.000000E+00        5.944722E-05        0.000000E+00         0        9.191964E-01
