         1        3.958101E-05        3.806601E-05        2.077961E-06         1        1.246378E+00
         1        1.687871E-04        1.639905E-04        8.439357E-06         1        1.720068E+00
         1        4.741016E-03        4.582187E-03        2.370508E-04         1        4.000625E+00
         1        1.046743E-02        1.258335E-02        9.737268E-04         1        8.298263E+00
         1        4.346706E-06        3.519179E-06        2.173353E-07         1        1.799687E-01
         1        4.977661E-06        4.837702E-06        2.488831E-07         1        2.413620E-01
         1        6.197796E-06        5.765131E-06        3.098898E-07         1        2.945202E-01
         1        6.924173E-06        8.123903E-06        4.246979E-07         1        3.460354E-01
         1        0.000000E+00        1.236218E-05        0.000000E+00         0        3.874800E-01
         1        0.000000E+00        1.799211E-05        0.000000E+00         0        4.746211E-01
         1        0.000000E+00        1.982770E-05        0.000000E+00         0        6.199975E-01
         1        0.000000E+00        2.239926E-05        0.000000E+00         0        8.089146E-01
         1        0.000000E+00        4.679002E-06        0.000000E+00         0        2.325059E-01
         1        1.091098E-05        1.766724E-05        1.489617E-06         1        4.651756E-01
         1        0.000000E+00        1.995751E-05        0.000000E+00         0        6.205809E-01
         1        0.000000E+00        2.258103E-05        0.000000E+00         0        8.149094E-01
         1        0.000000E+00        4.418221E-05        0.000000E+00         0        1.344399E+00
         1        0.000000E+00        1.405338E-04        0.000000E+00         0        1.701262E+00
         2        4.578117E-05        5.587683E-05        2.445629E-06         1        7.888053E-01
         2        8.616668E-05        9.100814E-05        4.308334E-06         1        1.088593E+00
         2        2.791717E-03        2.922798E-03        1.517047E-04         1        2.531908E+00
         2        1.192999E-02        9.706016E-03        9.229859E-04         1        5.251788E+00
         2        8.545661E-06        4.668230E-06        4.272831E-07         1        1.138983E-01
         2        9.236519E-06        6.739417E-06        4.618260E-07         1        1.527527E-01
         2        8.575055E-06        8.502417E-06        4.287527E-07         1        1.863954E-01
         2        8.574730E-06        1.024369E-05        4.287365E-07         1        2.189982E-01
         2        0.000000E+00        1.156306E-05        0.000000E+00         0        2.452276E-01
         2        1.239312E-05        1.375340E-05        4.105528E-06         1        3.003773E-01
         2        1.886923E-05        2.889741E-05        7.047077E-06         1        3.923828E-01
         2        5.544784E-05        4.361629E-05        1.294108E-05         1        5.119443E-01
         2        8.995519E-06        6.556429E-06        6.445870E-07         1        1.471479E-01
         2        0.000000E+00        1.350052E-05        0.000000E+00         0        2.943994E-01
         2        0.000000E+00        2.957616E-05        0.000000E+00         0        3.927520E-01
         2        0.000000E+00        4.375083E-05        0.000000E+00         0        5.157382E-01
         2        5.286185E-05        5.799475E-05        2.643093E-06         1        8.508403E-01
         2        9.205839E-05        8.482788E-05        4.602920E-06         1        1.076691E+00
         3        2.888596E-05        3.395348E-05        2.367841E-06         1        1.062071E+00
         3        5.367096E-05        5.718681E-05        3.905190E-06         1        1.465715E+00
         3        2.555473E-03        2.717934E-03        1.277737E-04         1        3.409036E+00
         3        1.109277E-02        9.515994E-03        7.151774E-04         1        7.071166E+00
         3        2.687875E-06        3.003198E-06        1.343938E-07         1        1.533560E-01
         3        3.984100E-06        4.223112E-06        1.992050E-07         1        2.056708E-01
         3        5.799076E-06        5.195022E-06        2.899538E-07         1        2.509683E-01
         3        7.962280E-06        6.055430E-06        3.981140E-07         1        2.948657E-01
         3        0.000000E+00        7.333152E-06        0.000000E+00         0        3.301818E-01
         3        0.000000E+00        1.451562E-05        0.000000E+00         0        4.044370E-01
         3        3.278885E-05        2.134102E-05        7.357934E-06         1        5.283160E-01
         3        2.779400E-05        2.551348E-05        7.263318E-06         1        6.892971E-01
         3        4.142154E-06        4.033009E-06        6.336823E-07         1        1.981243E-01
         3        8.033476E-06        1.397027E-05        1.604493E-06         1        3.963882E-01
         3        0.000000E+00        2.137003E-05        0.000000E+00         0        5.288131E-01
         3        0.000000E+00        2.576733E-05        0.000000E+00         0        6.944054E-01
         3        3.719991E-05        3.419997E-05        1.935832E-06         1        1.145597E+00
         3        5.225667E-05        5.127166E-05        2.612833E-06         1        1.449689E+00
         4        2.147271E-05        3.228142E-05        2.116149E-06         1        7.985649E-01
         4        3.001507E-05        3.459157E-05        4.174380E-06         1        1.102062E+00
         4        2.086755E-03        2.046826E-03        1.133963E-04         1        2.563234E+00
         4        1.103164E-02        1.132286E-02        7.417177E-04         1        5.316767E+00
         4        7.122493E-06        2.948806E-06        3.561247E-07         1        1.153075E-01
         4        7.416006E-06        4.161866E-06        3.708003E-07         1        1.546426E-01
         4        5.347349E-06        5.284335E-06        2.673674E-07         1        1.887016E-01
         4        5.153915E-06        6.348132E-06        2.576958E-07         1        2.217078E-01
         4        0.000000E+00        7.164774E-06        0.000000E+00         0        2.482617E-01
         4        0.000000E+00        8.554155E-06        0.000000E+00         0        3.040937E-01
         4        0.000000E+00        1.827623E-05        0.000000E+00         0        3.972376E-01
         4        0.000000E+00        2.668175E-05        0.000000E+00         0        5.182784E-01
         4        6.899637E-06        4.028823E-06        3.449819E-07         1        1.489685E-01
         4        7.873524E-06        8.396727E-06        1.085964E-06         1        2.980419E-01
         4        0.000000E+00        1.862793E-05        0.000000E+00         0        3.976114E-01
         4        0.000000E+00        2.655118E-05        0.000000E+00         0        5.221193E-01
         4        2.261000E-05        3.255815E-05        1.892973E-06         1        8.613674E-01
         4        3.402029E-05        3.422922E-05        1.701015E-06         1        1.090013E+00
         5        3.517927E-05        3.776792E-05        2.203289E-06         1        6.734215E-01
         5        6.253734E-05        6.178097E-05        3.859134E-06         1        9.293577E-01
         5        3.232000E-03        3.125414E-03        1.616000E-04         1        2.161549E+00
         5        1.089031E-02        1.168055E-02        8.425488E-04         1        4.483575E+00
         5        1.040268E-06        1.198955E-06        8.198538E-08         1        9.723760E-02
         5        5.521314E-06        4.043189E-06        2.760657E-07         1        1.304085E-01
         5        5.220743E-06        5.194142E-06        2.749993E-07         1        1.591301E-01
         5        4.629662E-06        6.347057E-06        3.387568E-07         1        1.869639E-01
         5        0.000000E+00        7.380841E-06        0.000000E+00         0        2.093565E-01
         5        0.000000E+00        8.892405E-06        0.000000E+00         0        2.564391E-01
         5        0.000000E+00        1.227163E-05        0.000000E+00         0        3.349864E-01
         5        0.000000E+00        2.610653E-05        0.000000E+00         0        4.370588E-01
         5        5.707241E-06        3.664655E-06        2.853621E-07         1        1.256236E-01
         5        0.000000E+00        8.729068E-06        0.000000E+00         0        2.513357E-01
         5        9.211630E-06        1.233401E-05        1.985706E-06         1        3.353016E-01
         5        1.863528E-05        2.652546E-05        3.094350E-06         1        4.402978E-01
         5        0.000000E+00        3.876155E-05        0.000000E+00         0        7.263823E-01
         5        0.000000E+00        5.704691E-05        0.000000E+00         0        9.191964E-01
