3.034939000000000039e-02 0.000000000000000000e+00 2.776481721590202910e-06 1.383463555393082375e-06 2.913864219628369776e-05 3.414268634785494609e-14
3.105631999999999837e-02 0.000000000000000000e+00 2.879202788203026865e-06 1.478113210630871982e-06 3.155643193424787738e-05 2.539295611060668864e-13
3.177971999999999742e-02 0.000000000000000000e+00 2.972520241790344809e-06 1.507395308637244153e-06 3.209344425180894332e-05 1.639200310346468295e-12
3.251996000000000053e-02 0.000000000000000000e+00 3.075421676755217631e-06 1.587531939111872056e-06 3.411309171390546242e-05 9.257651971600852903e-12
3.327745000000000009e-02 0.000000000000000000e+00 3.164914487711506094e-06 1.627652735162467551e-06 3.499649788654497551e-05 4.628373574171963814e-11
3.405257999999999896e-02 0.000000000000000000e+00 3.244406216686135979e-06 1.633527839816169382e-06 3.490807874765813239e-05 2.066117818428693192e-10
3.484576999999999813e-02 0.000000000000000000e+00 3.334143170827684261e-06 1.710584360412334152e-06 3.688892933401033045e-05 8.300340700423500051e-10
3.565742999999999691e-02 0.000000000000000000e+00 3.485112912416745007e-06 2.213160173325401357e-06 5.117295171962454723e-05 3.020096288527492116e-09
3.648799999999999960e-02 0.000000000000000000e+00 3.689583787054242250e-06 3.098470322034512974e-06 7.656101253531196859e-05 1.000430674074335673e-08
3.733791000000000193e-02 0.000000000000000000e+00 3.787407512742316890e-06 3.292660065496644344e-06 8.199587966122472485e-05 3.043694044605380077e-08
3.820761999999999770e-02 0.000000000000000000e+00 3.791426995910850119e-06 2.967798589682908088e-06 7.243146981518515338e-05 8.556538981230059334e-08
3.909759000000000151e-02 0.000000000000000000e+00 3.932675613041982343e-06 3.584674612078652493e-06 9.012498783753213072e-05 2.234958463625792580e-07
4.000829000000000191e-02 0.000000000000000000e+00 4.137018827273064102e-06 4.640970823552815047e-06 1.205429208645228856e-04 5.447288007018068416e-07
4.094020999999999771e-02 0.000000000000000000e+00 4.256723165994441571e-06 5.163875357470825050e-06 1.355683372060144138e-04 1.243033101840927011e-06
4.189382999999999996e-02 0.000000000000000000e+00 4.260598396807939015e-06 4.946618494886689081e-06 1.292289234660273648e-04 2.673177054561796792e-06
4.286965999999999694e-02 0.000000000000000000e+00 4.263312458097936061e-06 4.737643761878145310e-06 1.231282677577058093e-04 5.440901748474739796e-06
4.386821999999999944e-02 0.000000000000000000e+00 4.372397339446462212e-06 5.273899943603868345e-06 1.385962394497119836e-04 1.052171052342356787e-05
4.489003999999999911e-02 0.000000000000000000e+00 4.429568992939598483e-06 5.561109613572407962e-06 1.468918383735253201e-04 1.938749174140728382e-05
4.593566999999999789e-02 0.000000000000000000e+00 4.381955813478988923e-06 5.159970400052370277e-06 1.353187450718166835e-04 3.411075248437423993e-05
4.700564000000000131e-02 0.000000000000000000e+00 4.401903294718094662e-06 5.262318942094250939e-06 1.383367246523786558e-04 5.758912279754897833e-05
4.810054999999999886e-02 0.000000000000000000e+00 4.456625004123689991e-06 5.640423656328010623e-06 1.493175470527091967e-04 9.357984928801229196e-05
4.922094999999999942e-02 0.000000000000000000e+00 4.433558669824368138e-06 5.407888644853063211e-06 1.426425414941815870e-04 1.467506805930783034e-04
5.036746000000000278e-02 0.000000000000000000e+00 4.495404461256761272e-06 6.045998462979247949e-06 1.612124684064441800e-04 2.225075173332961181e-04
5.154066000000000203e-02 0.000000000000000000e+00 4.708286375003455585e-06 8.735857136039418394e-06 2.394119989231103282e-04 3.265827444663452987e-04
5.274120000000000197e-02 0.000000000000000000e+00 4.615985995954106866e-06 8.193257019002774899e-06 2.238925306858251490e-04 4.656765657750429094e-04
5.396970000000000239e-02 0.000000000000000000e+00 4.411239564765596824e-06 6.977519052661733243e-06 1.888891871757264972e-04 6.463807827562024133e-04
5.522682000000000285e-02 1.491898808479966113e-306 4.387935180351927030e-06 7.337811143612980535e-06 1.995382226379010344e-04 8.748865819704242834e-04
5.651322000000000290e-02 5.790941615355148351e-286 4.578893571029307319e-06 9.329249762229608887e-06 2.574534417854523402e-04 1.156002680525985331e-03
5.782957999999999849e-02 7.591426610382661650e-267 4.594673861159737045e-06 9.717653740594285570e-06 2.688621191194861138e-04 1.492079675142285499e-03
5.917660000000000281e-02 4.278231880814964861e-249 4.506109944011546340e-06 9.394321275327886648e-06 2.597070752844408167e-04 1.886414872673358159e-03
6.055499999999999772e-02 1.295897054055444021e-232 4.300007669824241081e-06 8.316791866471952009e-06 2.287750806187044113e-04 2.339417583637721804e-03
6.196551000000000142e-02 2.596790769731046434e-217 4.388468888434374805e-06 9.891270254727412781e-06 2.747880909348952871e-04 2.849356632660150334e-03
6.340887000000000606e-02 4.174359132626663109e-203 4.364303608377901462e-06 1.027941292648347866e-05 2.862120243482276340e-04 3.411129962451316285e-03
6.488584999999999492e-02 6.437617001721296777e-190 4.319560009408204018e-06 1.035572022616459471e-05 2.886818742722262795e-04 4.015256948027539317e-03
6.639723999999999626e-02 1.126808393797272125e-177 4.259108951152444311e-06 1.046123062439357218e-05 2.920701037225371922e-04 4.656815301958973363e-03
6.794382999999999673e-02 2.614979568045943144e-166 4.195241529277561962e-06 1.056592756536592910e-05 2.954643644412875345e-04 5.326945717196377404e-03
6.952643999999999491e-02 9.296432053551747846e-156 4.108105399392356987e-06 1.051819314488472597e-05 2.942787052331583063e-04 6.015570431834834850e-03
7.114592000000000138e-02 5.788178021608760489e-146 4.026901984179060155e-06 1.060703914536937864e-05 2.971786026938652938e-04 6.709279419072854828e-03
7.280311999999999895e-02 7.146325868525444296e-137 4.066460033268413007e-06 1.186270535407794025e-05 3.339833665500238310e-04 7.391582879154270057e-03
7.449893000000000487e-02 1.966546701166017782e-128 3.948299476673619220e-06 1.160442501917984504e-05 3.268264078569506912e-04 8.056548751984575485e-03
7.623423000000000005e-02 1.343594428123892831e-120 3.770503034939179903e-06 1.090633620904531503e-05 3.068982365998955473e-04 8.694203490632214718e-03
7.800994999999999457e-02 2.519339720154666474e-113 3.691808231354970184e-06 1.109943761468575390e-05 3.127849780508685173e-04 9.294769538643643178e-03
7.982704000000000188e-02 1.422620698718539950e-106 3.648076143976001573e-06 1.146250668390656893e-05 3.236926680634678172e-04 9.847197535289842207e-03
8.168644999999999379e-02 2.636764950972255591e-100 3.596862490579656742e-06 1.173171285506909204e-05 3.317544050630052413e-04 1.033961070395270250e-02
8.358917000000000430e-02 1.739662762853905228e-94 3.393913776616129881e-06 1.047874871466286812e-05 2.956665540476990884e-04 1.077335967949096841e-02
8.553621000000000141e-02 4.403048992164406530e-89 3.395217493057383884e-06 1.157499886730735644e-05 3.278855669493370689e-04 1.114574624530982085e-02
8.752861000000000669e-02 4.582592446811661208e-84 3.329512753591118507e-06 1.188380422913930604e-05 3.371483740760683034e-04 1.145562011822465198e-02
8.956741000000000008e-02 2.091602353237406979e-79 3.228914906247111045e-06 1.188179908076798905e-05 3.374074090608359484e-04 1.170092556938010127e-02
9.165370000000000461e-02 8.025685759753103438e-74 6.455959429586810832e-05 3.410360464931249075e-04 9.763315359897587267e-03 2.145475747353698670e-01
9.378859000000000501e-02 8.393302914433513784e-70 1.030482817647879136e-04 1.067900416726964233e-03 3.088048106049301814e-02 2.166567157410854150e-01
9.597321000000000324e-02 4.568342494683987964e-66 1.247016250831980771e-04 1.595956867975890318e-03 4.614725005828049925e-02 2.185953895736948704e-01
9.820871000000000461e-02 1.356839257270516077e-62 9.821649107403233230e-05 1.120012346089409609e-03 3.222170420306975230e-02 2.203148819985196460e-01
1.004962999999999967e-01 2.297425085396847201e-59 1.199231394859580862e-04 1.739843857636568566e-03 5.007009097731439373e-02 2.217224462325070589e-01
1.028371000000000007e-01 2.391256586762929553e-56 1.165298014838394154e-04 1.524177050721638952e-03 4.405483681751464625e-02 2.306098640634186014e-01
1.052325000000000066e-01 1.488188698538329607e-53 1.397584918908609686e-04 2.265249416185386930e-03 6.514061061655061768e-02 2.321232034408379774e-01
1.076836999999999933e-01 5.917868620339802302e-51 1.270380859142866432e-04 2.029523372014580690e-03 5.833557298635794891e-02 2.332648176834347109e-01
1.101919999999999983e-01 1.553087773679227692e-48 1.305264305718885852e-04 2.191896810721879422e-03 6.268753315904319889e-02 2.339468922478716573e-01
1.127587000000000034e-01 2.742859340861818474e-46 1.228854059991445278e-04 2.108376999316312339e-03 5.968133820792501792e-02 2.316371627389713916e-01
1.153851999999999933e-01 3.519639736922878611e-44 1.241656739764984186e-04 2.216921956950705045e-03 6.281115556351861418e-02 2.376975876613819927e-01
1.180728000000000055e-01 3.405271988530677976e-42 1.069080210838201420e-04 1.889563693324429038e-03 5.378027248583561876e-02 2.555784516945979190e-01
1.208231000000000027e-01 2.298175599270466134e-40 9.157769032240589495e-05 1.379531514181605960e-03 4.063342327858675967e-02 2.600410953463087593e-01
1.236373999999999945e-01 1.150741632552274992e-38 1.239786414215668321e-04 2.344066250266990410e-03 6.747831807666557213e-02 2.604072723750349705e-01
1.265172999999999992e-01 4.146677013782762522e-37 1.281276624317537530e-04 2.594933363040001061e-03 7.328383506089893029e-02 2.438549684854097732e-01
1.294643000000000044e-01 1.228619831707711714e-35 1.243250257827924589e-04 2.655624943247831497e-03 7.298386739765820586e-02 2.393450889697434081e-01
1.324799000000000115e-01 2.933436086881318056e-34 1.263200764386134380e-04 2.824372698394237748e-03 7.652031749308858821e-02 2.370737660741232544e-01
1.355657999999999863e-01 5.681312002067368385e-33 1.244554497114567810e-04 2.874737152039993048e-03 7.605376551596571000e-02 2.346753694747251706e-01
1.387234999999999996e-01 9.060383000118602553e-32 1.086034752141771083e-04 2.614313791113856769e-03 6.638193099582384571e-02 2.321251470829474584e-01
1.419547999999999921e-01 1.207687834325015913e-30 1.082658005506363419e-04 2.647446818180923100e-03 6.586879326579381244e-02 2.296541651310464172e-01
1.452613000000000099e-01 1.381016641035067693e-29 1.121900508062930731e-04 2.829767361380715676e-03 6.830803885088861105e-02 2.302875309582506080e-01
1.486448999999999965e-01 1.430741244753811997e-28 1.088492578771544457e-04 2.763580366909203397e-03 6.498312314697653191e-02 2.442657804018963097e-01
1.521073000000000008e-01 1.301020040182237351e-27 1.102501945360619926e-04 2.481388389867604082e-03 6.520393399432571069e-02 2.626563808347373574e-01
1.556502999999999914e-01 9.239063999294092954e-27 1.125628346074481861e-04 2.323674035348747766e-03 6.541698568493505006e-02 2.522330793684578465e-01
1.592758999999999980e-01 5.397126924949957233e-26 1.149693514752021632e-04 2.688863650149703275e-03 6.561965281955704776e-02 2.258133654912493904e-01
1.629858999999999891e-01 2.963297730245392323e-25 1.174950806700472201e-04 2.753226006253924139e-03 6.583363205797089501e-02 2.135763009693958103e-01
1.667822999999999944e-01 1.511860800635600266e-24 1.201534755268492610e-04 2.888371917425769288e-03 6.613599487960576673e-02 2.094264577523065052e-01
1.706671999999999911e-01 6.995736416170819895e-24 1.233324356396449948e-04 2.877290110213300087e-03 6.655815717276822308e-02 2.059073769733081594e-01
1.746425000000000061e-01 3.054532604998379599e-23 1.278741965426706095e-04 2.950531830255192015e-03 6.706952949159168675e-02 2.023291387733581748e-01
1.787104999999999944e-01 1.274979656922174668e-22 1.327782837561078389e-04 3.078867217627400798e-03 6.774123741555226896e-02 1.985771832647771906e-01
1.828732000000000135e-01 5.087115459040152159e-22 1.406518847930643553e-04 3.371038869358775319e-03 6.827417653227609018e-02 1.946352887021365330e-01
1.871327999999999880e-01 1.942023148539047062e-21 1.502083746930564035e-04 3.581834868543097138e-03 6.880726325755170958e-02 1.905866295991139880e-01
1.914916999999999869e-01 7.108214092499780620e-21 1.629135115433380065e-04 3.783462281208368246e-03 6.930916198028984343e-02 1.865388213432031261e-01
1.959520999999999902e-01 2.501768417259649620e-20 1.811021668461402720e-04 3.959432072705693605e-03 6.962350789512851412e-02 1.824331560782043449e-01
2.005164999999999864e-01 8.515068478512703302e-20 2.000360377681668564e-04 4.137168420917053044e-03 6.995401799401852749e-02 1.782895222037772232e-01
2.051871000000000111e-01 2.829431553148216460e-19 2.197999906513332783e-04 4.303386136909207252e-03 7.010309693238996054e-02 1.742924190511363769e-01
2.099665000000000004e-01 9.284064166583392212e-19 2.399191437006129100e-04 4.474766076046623672e-03 7.026427768007932617e-02 1.705333740490207473e-01
2.148573000000000011e-01 3.044245113420060083e-18 2.583187536619671468e-04 4.664564784088664172e-03 7.039739637723339827e-02 1.670896422703575523e-01
2.198618999999999990e-01 1.007818038969893864e-17 2.745865918685040804e-04 4.866179457127541540e-03 7.053169129883110622e-02 1.641825928018106340e-01
2.249831999999999943e-01 3.382247316473786848e-17 2.748035399908717921e-04 5.108564123680481989e-03 7.065554221680633851e-02 1.619164079306618376e-01
2.302237000000000033e-01 1.146496138582476609e-16 2.710683801771284537e-04 5.363252323249744456e-03 7.073577292543356543e-02 1.602262715244234248e-01
2.355862999999999985e-01 3.890003404746341856e-16 2.623875985243892778e-04 5.629588253540577028e-03 7.069202162422616453e-02 1.589888016499327317e-01
2.410738000000000048e-01 1.306598989843013481e-15 2.605835251092736586e-04 5.904859388072509173e-03 7.054056483190374038e-02 1.580616566097822195e-01
2.466890999999999945e-01 4.301823567072107552e-15 2.821099152562271499e-04 6.202032154966279943e-03 7.025459443534980142e-02 1.573179876116807818e-01
2.524352999999999736e-01 1.379243007154577763e-14 3.244235157405377947e-04 6.502284107670215293e-03 6.988154881200829560e-02 1.567526284973508877e-01
2.583152000000000226e-01 4.302960683433545062e-14 3.962728432072987737e-04 6.802616491084159493e-03 6.944186957119034831e-02 1.568262591004045692e-01
2.643322000000000171e-01 1.352754273743564056e-13 5.556693064176213741e-04 7.085459952536932692e-03 6.898892032690052967e-02 1.633898880287322219e-01
2.704892999999999881e-01 4.538053094493992318e-13 7.648460201795450079e-04 7.349107699379622480e-03 6.854351702227745591e-02 1.877155943096301405e-01
2.767897999999999747e-01 1.400503359284474170e-12 1.002667556749710408e-03 7.603683603495921609e-03 6.820571501619285271e-02 2.048421410753776817e-01
2.832370000000000165e-01 3.445047430915209632e-12 1.315126138215321795e-03 7.866307796529470320e-03 6.793916697035704000e-02 1.837117201705781855e-01
2.898344999999999949e-01 7.803576270476295063e-12 1.704173806026170303e-03 8.142583641496376964e-03 6.777268026345467655e-02 1.562066122674700686e-01
2.965856000000000048e-01 1.901389007303206777e-11 2.135411768197328919e-03 8.473800469749407857e-03 6.782091704230633344e-02 1.468774079271442101e-01
3.034938999999999831e-01 4.676893377199485251e-11 2.429679863626286497e-03 8.847959028353781855e-03 6.808687067612531618e-02 1.431284185935952635e-01
3.105631999999999837e-01 1.121514957929606535e-10 2.852297851372513886e-03 9.310642347943038147e-03 6.865730775714988521e-02 1.394135817347406658e-01
3.177972000000000019e-01 2.618626418661606011e-10 3.974693526662255103e-03 9.890653326587625985e-03 6.955238259906755538e-02 1.354084661764075048e-01
3.251995999999999776e-01 5.964393397633505715e-10 4.468633780948935361e-03 1.063687681317681925e-02 7.080339510829743166e-02 1.312486142763580332e-01
3.327744999999999731e-01 1.134495254090034343e-09 4.745038084934517786e-03 1.157588967228691430e-02 7.251860228604686820e-02 1.268788206151893472e-01
3.405257999999999896e-01 1.602182776096587546e-09 5.052232289688829599e-03 1.272939876860061138e-02 7.448702439905748041e-02 1.222319350444323882e-01
3.484576999999999813e-01 2.115509002871100024e-09 5.572581896718763542e-03 1.405231232502417681e-02 7.703073941555842186e-02 1.175842860260230965e-01
3.565743000000000107e-01 2.683860863604957313e-09 5.723044038526426888e-03 1.505724024350337496e-02 7.576012934199427562e-02 1.129278328353691407e-01
3.648799999999999821e-01 3.362790794183595536e-09 7.078565556442300427e-03 1.569151215277456851e-02 8.257396912706224668e-02 1.083201720441992616e-01
3.733791000000000193e-01 4.258541810019434254e-09 7.483454086158097644e-03 1.850374783685508270e-02 1.285343904688318883e-01 1.037970408033456610e-01
3.820761999999999770e-01 5.542146425826435357e-09 6.436612107009857114e-03 1.967805838052782974e-02 1.015587353149278310e-01 9.935560216456970628e-02
3.909758999999999873e-01 7.492093332522270217e-09 7.601802282094391634e-03 2.165383975937765562e-02 1.085926703816998823e-01 9.504387527176014205e-02
4.000829000000000191e-01 1.056902510939527781e-08 1.276306308358764185e-02 2.492444530890576895e-02 1.152258560792479430e-01 9.089077787419194698e-02
4.094020999999999910e-01 1.555470392860433165e-08 1.537631966752267890e-02 2.667224635120567927e-02 1.188193535456359279e-01 8.693444595187760360e-02
4.189382999999999857e-01 2.378509711089950788e-08 1.558036949046069305e-02 2.842423832890790536e-02 1.206575696833545597e-01 8.320706253972984245e-02
4.286965999999999832e-01 3.752691851006504564e-08 1.712669393213894428e-02 2.848543116567546496e-02 1.172997313226737115e-01 7.971770979314267425e-02
4.386822000000000221e-01 6.058391084182566613e-08 2.026246103025924547e-02 3.020089394392039966e-02 1.211687443059758368e-01 7.648505364581213717e-02
4.489003999999999772e-01 9.991231242519281315e-08 2.349338671992861130e-02 3.335497781544138202e-02 1.228743617399362387e-01 7.405624209537749192e-02
4.593567000000000067e-01 1.785151365352218265e-07 2.570810939921107027e-02 3.446766441652446278e-02 1.230454083335668913e-01 7.745062985311484960e-02
4.700563999999999854e-01 3.704493839927925709e-07 2.672986025983265998e-02 3.532338520486708044e-02 1.222591852712121840e-01 9.457534593239275145e-02
4.810054999999999747e-01 6.868520186705458514e-07 2.836623697352771631e-02 3.599013633905811388e-02 1.286592631517313734e-01 1.044641847816163982e-01
4.922095000000000220e-01 9.386527418092064621e-07 2.822721929381451916e-02 3.635286985157763079e-02 1.438047362959370967e-01 8.658194313178439738e-02
5.036745999999999723e-01 1.168168448300499118e-06 2.749660966762643849e-02 3.719605240706553434e-02 1.641657880279372150e-01 6.678927993188196743e-02
5.154066000000000480e-01 1.678884703614940860e-06 2.672227286767903109e-02 3.717828178160464264e-02 1.153542355072059017e-01 6.094659917541828814e-02
5.274119999999999919e-01 2.506744247382758267e-06 3.016741484192750344e-02 3.778561683694302981e-02 1.167807511751187272e-01 5.922852686048196008e-02
5.396969999999999823e-01 3.673147312685024055e-06 3.184408060606777613e-02 4.077236398690951835e-02 1.131541324084510275e-01 5.786706602292288060e-02
5.522681999999999869e-01 5.273109749915436856e-06 3.286883171145874721e-02 4.259926653727048873e-02 1.133981641760395676e-01 5.663903236754298798e-02
5.651321999999999734e-01 7.437102696185187610e-06 3.409773844828786760e-02 4.350463539448078121e-02 1.126975367499252201e-01 5.553778830795840643e-02
5.782958000000000265e-01 1.034001280088974707e-05 3.436375342689729911e-02 4.392039230917355735e-02 1.130192317894387621e-01 5.455318162782420849e-02
5.917660000000000142e-01 1.422516129036387070e-05 3.503916588362997880e-02 4.467427386594166605e-02 1.138107481115375880e-01 5.367354186159203205e-02
6.055500000000000327e-01 1.961157544853751723e-05 3.814736991421623785e-02 4.587077593564889422e-02 1.137382130335024694e-01 5.335075065962641833e-02
6.196551000000000142e-01 2.962103010827803960e-05 3.791984133080298497e-02 4.722104148511473837e-02 1.130217119473815590e-01 5.833437182385173281e-02
6.340886999999999496e-01 5.410230697785436206e-05 3.706986954378350962e-02 4.847060541796714694e-02 1.119830333440261089e-01 7.715557731153392662e-02
6.488585000000000047e-01 8.711352654448996629e-05 3.914783078471633510e-02 4.959844439416669082e-02 1.108647881674029723e-01 8.968966654561823237e-02
6.639724000000000181e-01 9.886109633339155501e-05 4.060714827642545460e-02 5.057651081941708093e-02 1.095569191292012634e-01 7.305783252170106046e-02
6.794383000000000505e-01 1.004934241738613337e-04 4.101485985797092421e-02 5.138964451617346330e-02 1.081486963629053194e-01 5.288730478547344627e-02
6.952644000000000046e-01 1.264889692982504006e-04 4.218551944009587412e-02 5.205321841379687009e-02 1.066946981122206123e-01 4.697682525038989615e-02
7.114591999999999583e-01 1.749899953403320340e-04 4.135780746191120016e-02 5.265357588237072617e-02 1.050295964980171998e-01 4.542972432577770114e-02
7.280311999999999895e-01 2.455514516761281882e-04 4.259262239678519857e-02 5.322440527018118539e-02 1.033850199489115829e-01 4.416435748435049852e-02
7.449892999999999654e-01 3.474210756435971732e-04 4.646850769761765032e-02 5.376590034064963886e-02 1.018055974930003327e-01 4.296586099318613211e-02
7.623423000000000282e-01 4.949576120722955956e-04 4.604984869560737465e-02 5.432629709306652233e-02 1.001755576928696628e-01 4.187312530692414297e-02
7.800994999999999457e-01 7.083161303522645313e-04 4.428972431234288326e-02 5.493109419614521094e-02 9.869932607265820279e-02 4.091380361416854794e-02
7.982704000000000466e-01 1.014349212153192259e-03 4.395789638795997989e-02 5.557326268261256891e-02 9.727525905747903823e-02 4.009243252452418527e-02
8.168644999999999934e-01 1.446685258729008125e-03 4.711856194471986808e-02 5.630859339307053846e-02 9.592528394956431614e-02 3.940607856885659788e-02
8.358917000000000153e-01 2.043279327029663608e-03 4.789861542441357922e-02 5.717925819133142656e-02 9.472418013519076641e-02 3.884658610421041353e-02
8.553621000000000141e-01 2.839591091166734135e-03 4.690229700905176879e-02 5.806354197345166973e-02 9.366756241156826146e-02 3.840249745574877971e-02
8.752860999999999558e-01 3.856500487872239688e-03 5.084063318021873196e-02 5.901578193624839458e-02 9.269748205822055109e-02 3.807013265062218071e-02
8.956741000000000286e-01 5.080907623752538294e-03 5.147910294476897020e-02 6.002082224981997866e-02 9.180488088579608075e-02 3.784444261333998888e-02
9.165370000000000461e-01 6.517007672902981608e-03 5.305532123982115156e-02 6.104449011008000747e-02 9.089586764062090873e-02 3.771303663834261327e-02
9.378859000000000501e-01 8.281089461618021744e-03 5.086826696721475499e-02 6.210646888334930837e-02 9.000961001170813824e-02 3.767528614187029556e-02
9.597320999999999769e-01 1.045558418895561371e-02 5.175645673718962114e-02 6.318516782748950789e-02 8.929254034218174485e-02 3.772639568074719063e-02
9.820870999999999906e-01 1.311657295718217202e-02 5.309960812015113857e-02 6.429955537807868771e-02 8.876274288935281920e-02 3.785376372146368601e-02
1.004963000000000051e+00 1.634768445446915450e-02 5.558547957053652788e-02 6.504688613479012171e-02 8.684105656661285366e-02 3.804232243193125113e-02
1.028370999999999924e+00 2.024192941057412903e-02 5.572473345868170919e-02 6.497449873757595029e-02 8.439310068473296345e-02 3.828130201678814348e-02
1.052324999999999955e+00 2.490943860920098729e-02 5.489014772239689255e-02 6.486391788940219782e-02 8.139990380567424522e-02 3.857455080043582091e-02
1.076837000000000044e+00 3.046841155401788098e-02 5.379273940448021235e-02 6.424460386437759463e-02 7.743412940932925537e-02 3.891774946762644599e-02
1.101920000000000011e+00 3.704513015748699817e-02 5.265423317060616976e-02 6.340684906445835656e-02 7.484934789182315362e-02 3.930373855998762350e-02
1.127586999999999895e+00 4.478867582966603034e-02 5.196106374295103580e-02 6.338804269556620741e-02 7.240370368493759257e-02 3.973826329477805896e-02
1.153852000000000100e+00 5.388211227905605194e-02 5.197416049631159440e-02 6.344393584047416934e-02 7.005242637828604235e-02 4.023921894182357073e-02
1.180728000000000000e+00 6.454157705993225635e-02 5.104051001160189033e-02 6.337682458622427573e-02 6.758479975141527818e-02 4.082557031047150120e-02
1.208231000000000055e+00 7.699318250680485531e-02 5.063421732467149328e-02 6.341004793952577379e-02 6.532523298451704818e-02 4.150085923323539039e-02
1.236374000000000084e+00 9.148989857464098763e-02 5.056852012991358558e-02 6.352830907506079594e-02 6.358270585685359133e-02 4.226870637430870520e-02
1.265173000000000103e+00 1.083072907310409644e-01 4.988507808194672655e-02 6.309674170829615569e-02 6.140333802117266954e-02 4.313018562540366779e-02
1.294642999999999988e+00 1.277465660158915439e-01 4.943289396178893180e-02 6.259804287199263739e-02 5.898921347588754333e-02 4.408581177840679988e-02
1.324799000000000060e+00 1.501574095534112530e-01 4.865403575707505368e-02 6.227784962882632752e-02 5.758705025313622106e-02 4.514244103411283598e-02
1.355658000000000030e+00 1.759630875630198155e-01 4.780737709911549171e-02 6.146368505643718533e-02 5.624547270431552726e-02 4.631576656294909139e-02
1.387234999999999996e+00 2.056190621257024953e-01 4.690192924904739574e-02 6.119388531240017859e-02 5.521820167657553319e-02 4.761465743031115944e-02
1.419548000000000032e+00 2.396034904462771287e-01 4.543112582098454699e-02 6.033131876954756639e-02 5.385616529774985700e-02 4.904163874544158891e-02
1.452612999999999932e+00 2.784502575676257585e-01 4.606583602072864686e-02 6.050082952588645840e-02 5.287395660326265484e-02 5.060167089689428938e-02
1.486448999999999909e+00 3.227308749857002446e-01 4.633739866082754039e-02 6.086749941002312508e-02 5.206506634792001237e-02 5.229775054807971751e-02
1.521072999999999897e+00 3.730107128462363253e-01 4.840248710619025202e-02 6.235092991051863903e-02 5.184887410500628457e-02 5.412532347329455235e-02
1.556502999999999970e+00 4.299485486369897247e-01 4.859358263624562885e-02 6.342259427398962146e-02 5.073805589809354810e-02 5.608902824981989305e-02
1.592759000000000036e+00 4.942035553909237544e-01 4.736920189568909201e-02 6.344940011052281614e-02 4.807499825933904403e-02 5.818774414723006799e-02
1.629858999999999947e+00 5.663563103898705542e-01 4.819240022418540270e-02 6.412972355364592036e-02 4.766340981112601738e-02 6.040882806940602728e-02
1.667823000000000055e+00 6.468257552445125791e-01 4.833889467508499516e-02 6.343555996068239722e-02 4.606874591784172746e-02 6.272559398796824504e-02
1.706671999999999967e+00 7.360699812245736773e-01 4.754852222028833897e-02 6.164078985758680851e-02 4.459110220959938697e-02 6.512209419413421407e-02
1.746424999999999894e+00 8.345514074507058844e-01 4.491337026507202096e-02 5.895725549921440600e-02 4.231164337880361642e-02 6.758717755351713319e-02
1.787104999999999944e+00 9.425184461895907972e-01 4.173811993203182386e-02 5.653214564188256686e-02 4.063626866699274892e-02 7.009716528766671284e-02
1.828732000000000024e+00 1.059863147264081817e+00 3.895949968795897611e-02 5.373502371474382644e-02 3.852010512576940077e-02 7.261165370390063045e-02
1.871328000000000102e+00 1.186446820475828279e+00 3.664438799381922879e-02 5.109168928899642664e-02 3.642929714585771417e-02 7.510144729517824469e-02
1.914916999999999980e+00 1.322138629060847226e+00 3.500421535046410737e-02 4.885590835299116058e-02 3.483573578015172756e-02 7.754804425604613916e-02
1.959521000000000068e+00 1.466459151445629550e+00 3.298005303024384438e-02 4.633299758929410039e-02 3.298163108601866178e-02 7.992128905121224924e-02
2.005164999999999864e+00 1.619470862815950429e+00 3.142613580024631453e-02 4.432189462485412040e-02 3.168313049473520104e-02 8.222905232220710514e-02
2.051870999999999778e+00 1.781508475591702778e+00 3.042564731390597424e-02 4.223348964038811659e-02 3.025549434523220477e-02 8.449254782370071992e-02
2.099664999999999893e+00 1.953137394815727790e+00 2.956574549862371268e-02 4.040558886850399711e-02 2.881733356946065278e-02 8.674005474989766873e-02
2.148572999999999844e+00 2.134417868908347060e+00 2.868001217964857505e-02 3.873339695107280711e-02 2.754179857208663082e-02 8.897367164677719154e-02
2.198618999999999879e+00 2.325051703355059285e+00 2.749996451816716023e-02 3.695186898911093087e-02 2.616504838931609303e-02 9.118235983236608333e-02
2.249832000000000054e+00 2.524350438698197863e+00 2.627811032329470387e-02 3.541293172776302511e-02 2.494560065229904644e-02 9.334446206253213529e-02
2.302236999999999867e+00 2.730969238198635018e+00 2.292094481733221792e-02 3.172749401125134205e-02 2.236575462695381336e-02 9.542141859908447044e-02
2.355862999999999818e+00 2.945643828879085824e+00 1.985003797088900901e-02 2.825263717950542847e-02 1.975123586603298037e-02 9.745296686981663736e-02
2.410737999999999825e+00 3.167713627740236682e+00 1.799310362192558729e-02 2.634627102589527994e-02 1.827685851595010555e-02 9.942819283153306320e-02
2.466890999999999945e+00 3.395111123997824887e+00 1.576753561758548888e-02 2.489155252616316594e-02 1.736856145736558055e-02 1.012973416345434169e-01
2.524353000000000069e+00 3.626647694996265159e+00 1.381485437604482863e-02 2.331291380644900241e-02 1.693757115003682520e-02 1.030460149232040462e-01
2.583152000000000115e+00 3.861460298572250593e+00 1.382077014944260891e-02 2.344902980642163404e-02 1.631589595334608303e-02 1.046722057603982625e-01
2.643321999999999949e+00 4.099084553987315083e+00 1.357088465287775540e-02 2.296421119205565783e-02 1.578831118033580810e-02 1.061853832279393978e-01
2.704893000000000214e+00 4.339040428049398379e+00 1.325662990511044213e-02 2.227265608696199148e-02 1.536428017984721277e-02 1.075936470167056652e-01
2.767898000000000192e+00 4.582222351200623045e+00 1.280543260235780280e-02 2.165374984992288199e-02 1.482842255938684843e-02 1.089369164291172642e-01
2.832370000000000054e+00 4.829147706210838997e+00 1.232811928370170992e-02 2.090456375435375408e-02 1.428329268531533004e-02 1.102404978820889364e-01
2.898344999999999949e+00 5.080607973846213987e+00 1.178317641785094246e-02 2.042679687748387429e-02 1.368809542792757267e-02 1.115320444574357389e-01
2.965856000000000048e+00 5.339175311787229816e+00 1.122608798164727306e-02 1.971266899115484833e-02 1.307576050038397088e-02 1.128728925225788299e-01
3.034939000000000053e+00 5.605638286756298605e+00 1.074346319465345825e-02 1.900349446551754043e-02 1.241538446416423809e-02 1.142793435294295751e-01
3.105631999999999948e+00 5.878329267525071344e+00 1.036214894134755357e-02 1.828315339362668324e-02 1.177874420843307013e-02 1.157171651593746076e-01
3.177972000000000019e+00 6.155619202500163922e+00 9.956026099817561967e-03 1.778378898359404131e-02 1.119965573696345834e-02 1.171574636423449445e-01
3.251996000000000109e+00 6.437209095757107313e+00 9.547548429384324423e-03 1.995735979419466580e-02 1.260989748234249766e-02 1.185995845538384136e-01
3.327745000000000175e+00 6.718823851669907476e+00 9.096431825315987735e-03 2.364112194859992883e-02 1.515390757931966287e-02 1.199719570715406108e-01
3.405257999999999896e+00 6.996620773120373116e+00 8.616697826524624335e-03 1.911779662613625336e-02 1.179734351692092974e-02 1.212189922307316259e-01
3.484576999999999813e+00 7.266268700555100324e+00 8.133313808084813995e-03 1.739530798208442294e-02 1.053160963358821395e-02 1.222831257231012936e-01
3.565742999999999885e+00 7.525843480137289987e+00 7.642242790865101318e-03 1.492517483250889974e-02 8.753752228802305288e-03 1.231523051751943765e-01
3.648800000000000043e+00 7.774577510771366384e+00 7.158680452766575698e-03 1.394109701518637077e-02 8.085231761812803827e-03 1.238338186716984868e-01
3.733791000000000082e+00 8.011903146291517785e+00 6.662430445066385223e-03 1.326735206763133244e-02 7.617958129715404411e-03 1.243368799568393135e-01
3.820762000000000214e+00 8.238989591422372527e+00 6.224479313849228500e-03 1.266594909309480890e-02 7.273029428430872675e-03 1.246956230352232325e-01
3.909759000000000206e+00 8.458569110062995833e+00 5.776781737843537934e-03 1.207557366984622453e-02 6.921275301164603842e-03 1.249635481908914908e-01
4.000829000000000413e+00 8.674203713720986642e+00 5.336360462771746332e-03 1.141943732487533773e-02 6.564453890126384535e-03 1.252007829403274930e-01
4.094020999999999688e+00 8.892162673649531612e+00 4.952285506111413910e-03 1.085014243274180258e-02 6.271695944170141250e-03 1.254999937659353748e-01
4.189383000000000301e+00 9.118933507462983812e+00 4.599796707520993795e-03 1.042988708596797112e-02 6.008894018300813857e-03 1.259487145435118083e-01
4.286965999999999610e+00 9.359032903902049227e+00 4.156980180311653852e-03 9.897184133076135024e-03 5.604063479448157664e-03 1.266005684569699308e-01
4.386822000000000443e+00 9.615528534562381324e+00 3.600391245973450904e-03 9.219084305421426651e-03 4.960694742137247357e-03 1.274858569860085056e-01
4.489004000000000438e+00 9.890100169315619638e+00 3.250083962044841759e-03 8.797166429388707243e-03 4.620624266025439783e-03 1.286147851131025088e-01
4.593567000000000178e+00 1.018415117284059512e+01 3.027200795372366783e-03 8.634044533825666404e-03 4.495151796316607454e-03 1.299936247234861619e-01
4.700563999999999965e+00 1.049795754064367515e+01 2.863591353648094716e-03 8.634113215244475573e-03 4.481995090597436573e-03 1.316144477196961871e-01
4.810055000000000192e+00 1.082909749357749618e+01 2.697895571294219898e-03 8.730080326860917977e-03 4.501666657194199755e-03 1.334370288896580825e-01
4.922094999999999665e+00 1.117130989572231314e+01 2.525713333595145608e-03 8.833085723244874649e-03 4.512384195832341155e-03 1.353776668515425108e-01
5.036745999999999945e+00 1.151902522951279373e+01 2.371106819191220495e-03 8.905933115236637498e-03 4.545546077013742740e-03 1.373665554265646183e-01
5.154066000000000258e+00 1.186839540966691153e+01 2.222511286505687595e-03 9.173877588007642997e-03 4.621033545574896109e-03 1.393585359832596182e-01
5.274119999999999919e+00 1.221219474281070028e+01 2.087093997447136105e-03 9.552730536678452275e-03 4.746576028916585019e-03 1.412720588363516883e-01
5.396969999999999601e+00 1.254636255401416278e+01 1.958780416904865474e-03 1.001655640925109073e-02 4.894103983901681824e-03 1.430662393488685014e-01
5.522681999999999647e+00 1.286856029185974215e+01 1.837127871490454051e-03 1.055403860303460312e-02 5.066031698346041071e-03 1.447215727930959428e-01
5.651322000000000401e+00 1.317596294417807101e+01 1.719874593431897731e-03 1.114957664457816820e-02 5.247608460021476601e-03 1.462138796318926681e-01
5.782957999999999821e+00 1.346620694463455337e+01 1.611005012293052416e-03 1.179794416313596946e-02 5.439617244267391793e-03 1.475249298049544078e-01
5.917659999999999698e+00 1.373938861677195611e+01 1.502780914517873974e-03 1.252590533259099678e-02 5.643663539497470287e-03 1.486636292383439473e-01
6.055500000000000327e+00 1.399642813329226776e+01 1.403496311396542620e-03 2.338406893329098707e-02 1.054872831330515813e-02 1.496468667979761191e-01
6.196551000000000364e+00 1.423710767067167815e+01 1.313234964727372786e-03 7.165317376666607840e-02 3.213020689413671055e-02 1.504783542018193754e-01
6.340887000000000384e+00 1.446098198810853219e+01 1.227905712304512955e-03 3.678616845693373494e-02 1.619927290433061801e-02 1.511589263959903784e-01
6.488584999999999603e+00 1.466796526705702952e+01 1.149039821201689685e-03 1.531449184134783814e-02 6.620119367502229867e-03 1.516927812018248334e-01
6.639724000000000181e+00 1.485625597345462801e+01 1.075509784667811729e-03 1.585503985538086122e-02 6.855273308266722314e-03 1.520660764691411371e-01
6.794382999999999839e+00 1.502266691125631226e+01 1.005965791462282589e-03 1.642692555376155245e-02 7.109535489204529476e-03 1.522511853479830424e-01
6.952644000000000268e+00 1.516518722023781685e+01 9.410363762359942033e-04 1.702983126235514330e-02 7.388086797002554537e-03 1.522330424149846706e-01
7.114592000000000027e+00 1.528658861395084756e+01 8.796617843451349627e-04 1.841113645389461789e-02 8.014060583915166153e-03 1.520443745232649135e-01
7.280312000000000339e+00 1.539152286110804368e+01 8.216922573075136809e-04 3.629872327418919714e-02 1.597243670457139039e-02 1.517349475179772533e-01
7.449893000000000320e+00 1.548386217134941312e+01 7.668292895553277533e-04 5.269883782989364523e-02 2.330923615696622875e-02 1.513449362235834705e-01
7.623422999999999838e+00 1.557210516311025827e+01 7.162622668813531249e-04 6.673993980631179324e-02 2.961531501499068547e-02 1.509578534784563608e-01
7.800995000000000346e+00 1.566924969451485161e+01 6.687098174950520911e-04 6.195278249218125893e-02 2.733659268214899685e-02 1.506977143430175969e-01
7.982704000000000022e+00 1.578196183976966438e+01 6.241857212311343597e-04 5.508069786349852753e-02 2.399903705887778543e-02 1.506243153399926815e-01
8.168644999999999712e+00 1.591295890597109519e+01 5.829047349414188950e-04 4.096036389500432029e-02 1.749576999102044408e-02 1.507584467293995867e-01
8.358916999999999931e+00 1.606601924161122952e+01 5.444290432596505559e-04 2.477660585059809906e-02 1.043927703485888515e-02 1.511305254225949746e-01
8.553620999999999697e+00 1.624612023229542501e+01 5.088427974707241319e-04 2.551770992209774144e-02 1.060315459727794937e-02 1.517815929986030821e-01
8.752860999999999336e+00 1.645291513885174339e+01 4.756713378974044399e-04 2.662585979542267042e-02 1.090867432015361557e-02 1.527024780449987573e-01
8.956740999999999175e+00 1.668107885406901048e+01 4.446854856177206799e-04 2.570333619340893494e-02 1.038502469397073816e-02 1.538386484850912117e-01
9.165369999999999351e+00 1.692128279666843582e+01 4.158421494316251487e-04 2.511152843871104767e-02 1.000819816772920666e-02 1.551005048025624611e-01
9.378859000000000279e+00 1.716120999177658391e+01 3.889364340710099754e-04 2.519370866207537932e-02 9.904552789915638603e-03 1.563735501532461936e-01
9.597321000000000879e+00 1.738643322414600689e+01 3.636638574717049864e-04 2.572077088565575403e-02 9.972908558913941984e-03 1.575268835578152171e-01
9.820871000000000350e+00 1.758759732123014885e+01 3.375404303057322869e-04 2.620130736836655955e-02 1.001700573550715068e-02 1.584781621190581580e-01
1.004963000000000051e+01 1.776170483003087242e+01 3.108468637655010581e-04 2.645774938268839055e-02 9.796473126820332000e-03 1.592036243216509994e-01
1.028370999999999924e+01 1.790292937820039043e+01 2.900314404629048123e-04 2.690357811844142424e-02 9.773183987059322689e-03 1.596545489861379008e-01
1.052325000000000088e+01 1.800923306747271369e+01 2.702041896822291963e-04 2.736374764963552669e-02 9.801108477747328893e-03 1.598165615729810196e-01
1.076837000000000089e+01 1.807902286133698411e+01 2.517316474580044662e-04 2.783476816953451421e-02 9.830649861967110867e-03 1.596792276474175432e-01
1.101919999999999966e+01 1.811254235678129021e+01 2.345217148638075941e-04 3.805883575739088531e-02 1.329048213493843646e-02 1.592481906901638544e-01
1.127586999999999939e+01 1.810660682701546875e+01 2.184882767587967875e-04 9.420229721729805883e-02 3.256299315138684591e-02 1.584987297732380063e-01
1.153852000000000011e+01 1.806768710972575320e+01 2.035509091243499534e-04 5.583659199883949514e-02 1.934544431223141070e-02 1.574904690710269006e-01
1.180728000000000044e+01 1.803849058137341288e+01 1.896334462312456988e-04 2.844874158168235120e-02 9.909058777496277531e-03 1.565963964256388563e-01
1.208230999999999966e+01 1.804396747991282624e+01 1.766671346336091465e-04 2.833149175799116667e-02 9.963600804738233924e-03 1.560299181779875310e-01
1.236373999999999995e+01 1.811272997935764906e+01 1.645869658178100183e-04 2.821059790186801822e-02 1.002581260433902006e-02 1.560328744556102598e-01
1.265173000000000059e+01 1.825760976320070483e+01 1.533306184160430625e-04 2.820074876664257352e-02 1.013924052454662217e-02 1.567084031203591354e-01
1.294642999999999944e+01 1.846622747200959580e+01 1.428431941693000242e-04 2.813504693170724991e-02 1.024264707582557381e-02 1.579429897051081444e-01
1.324798999999999971e+01 1.874164941915155325e+01 1.330713386133350578e-04 2.800236507524739987e-02 1.033677239351945415e-02 1.597567932092038012e-01
1.355658000000000030e+01 1.913945502705251300e+01 1.239664067501534549e-04 2.779304949116273224e-02 1.042262819348383461e-02 1.626162585140598638e-01
1.387235000000000085e+01 1.972421044620273989e+01 1.154825600739651685e-04 2.750302289353306548e-02 1.050164049319836715e-02 1.670584586793221471e-01
1.419547999999999988e+01 2.058442794860001612e+01 1.075777701721590432e-04 2.713888464927749489e-02 1.057553023435057332e-02 1.738168147156183008e-01
1.452613000000000021e+01 2.169723142769414537e+01 1.002125861709625399e-04 2.670375130118225748e-02 1.064637042156530745e-02 1.826792988349780489e-01
1.486448999999999998e+01 2.291174141572970413e+01 9.335046564603500130e-05 2.620103673019726076e-02 1.071684879855882427e-02 1.923628881341852281e-01
1.521072999999999986e+01 2.403785269088145427e+01 8.695747817577165781e-05 2.564486596251701681e-02 1.079082853858245872e-02 2.012711369967609409e-01
1.556503000000000014e+01 2.493322888927438186e+01 8.100142433098559737e-05 2.507511715324093476e-02 1.088914661324988722e-02 2.082235482157875073e-01
1.592759000000000036e+01 2.557386940043002355e+01 7.545323520022722522e-05 2.475308463406368509e-02 1.114369818863904411e-02 2.130367550176884839e-01
1.629859000000000080e+01 2.597530050059532059e+01 7.028522960401542899e-05 2.446126159979331027e-02 1.145188138397128415e-02 2.158565530984457859e-01
1.667822999999999922e+01 2.611967158218910967e+01 6.547207696283463703e-05 2.416567450974236794e-02 1.179015868524592447e-02 2.165495416844561982e-01
1.706672000000000011e+01 2.595287795615389470e+01 6.098999940277322063e-05 2.389773217120462825e-02 1.216837098967318495e-02 2.146826381046776089e-01
1.746424999999999983e+01 2.542889472034453746e+01 5.681719003029670975e-05 2.367548560358867515e-02 1.259297375651833445e-02 2.098922111679818459e-01
1.787105000000000032e+01 2.455419454766942877e+01 5.293339302484600858e-05 2.351259293411229676e-02 1.306049984452974967e-02 2.022489492774541542e-01
1.828732000000000113e+01 2.333250530157984315e+01 4.931988139925813094e-05 2.342397980343225578e-02 1.355453982439032597e-02 1.917991823107286220e-01
1.871328000000000102e+01 2.191542203240352293e+01 4.595864358795540629e-05 2.341240123036261028e-02 1.405435548372261333e-02 1.798009012775358961e-01
1.914917000000000158e+01 2.052546452230225782e+01 4.283272941128572449e-05 2.354640625187139069e-02 1.459351979667761721e-02 1.680824463628023402e-01
1.959521000000000157e+01 1.942056075662148373e+01 3.992573876883176226e-05 2.388997951421314644e-02 1.519789879985344004e-02 1.587479209897523780e-01
2.005164999999999864e+01 1.880029898231371632e+01 3.722214368344071203e-05 2.430446935868519481e-02 1.576026266613347188e-02 1.534109820773146560e-01
2.051870999999999867e+01 1.885461293797485993e+01 3.470723288760509990e-05 2.484411348694458288e-02 1.627450951629940898e-02 1.535968080827581350e-01
2.099664999999999893e+01 1.958194912017834000e+01 3.236747826092199200e-05 2.549741461915180918e-02 1.671779208857235646e-02 1.592648087699725656e-01
2.148573000000000022e+01 2.093657879261099453e+01 3.018975543156144392e-05 2.628139819654646409e-02 1.706842137374140617e-02 1.700178261646797251e-01
2.198619000000000057e+01 2.289549083688259756e+01 2.816225615989599782e-05 2.720760974397967366e-02 1.732608684790718293e-02 1.856470742163178200e-01
2.249831999999999965e+01 2.536994020058834565e+01 2.627380203638623272e-05 2.839935242117372360e-02 1.756778846473022390e-02 2.054143023267671619e-01
2.302236999999999867e+01 2.817513413754015161e+01 2.451429386396938214e-05 2.965943328672965631e-02 1.764808041203143330e-02 2.278101801037901164e-01
2.355863000000000085e+01 3.109881319854834203e+01 2.287427140289485295e-05 3.091463147189909069e-02 1.750759718443764892e-02 2.511127912510768279e-01
2.410737999999999914e+01 3.398319175608096998e+01 2.134516581216682935e-05 3.212079313475758868e-02 1.719494998621459367e-02 2.740490213339625836e-01
2.466891000000000034e+01 3.672689280764966924e+01 1.991910037786384104e-05 3.326632694923620237e-02 1.679613280198768294e-02 2.958065323043317374e-01
2.524352999999999980e+01 3.924430960642349930e+01 1.858881053561500056e-05 3.434029094620471428e-02 1.639952928686803577e-02 3.157035173891205027e-01
2.583152000000000115e+01 4.150096890657765414e+01 1.734766777181710222e-05 3.541843833384315798e-02 1.609490068600507098e-02 3.334717686430893058e-01
2.643321999999999861e+01 4.348055905260500964e+01 1.618957112848196117e-05 3.677904293506772948e-02 1.605211844177130767e-02 3.489894761512126187e-01
2.704892999999999859e+01 4.517558982341123652e+01 1.510888933068036178e-05 3.811833256328171771e-02 1.617200466675056819e-02 3.622054813230168868e-01
2.767897999999999925e+01 4.658348021328760069e+01 1.410039769519842375e-05 3.939578159725536100e-02 1.640276067603540361e-02 3.731075636719828892e-01
2.832369999999999877e+01 4.769197100533307321e+01 1.315923423731196789e-05 4.061992007308339730e-02 1.673979777417346215e-02 3.816055402157572662e-01
2.898345000000000127e+01 4.849125479124504778e+01 1.228091185275469855e-05 4.180104754565089342e-02 1.716593207396911042e-02 3.876286318380581797e-01
2.965856000000000137e+01 4.894545564127177784e+01 1.143575104714636289e-05 4.290093448480047922e-02 1.760609004065480723e-02 3.908975987846076139e-01
