3.034939000000000039e-02 0.000000000000000000e+00 0.000000000000000000e+00 7.084116535388622124e-06 0.000000000000000000e+00 9.492272034724497098e-02
3.105631999999999837e-02 0.000000000000000000e+00 0.000000000000000000e+00 7.568379334100240452e-06 0.000000000000000000e+00 9.444619578751316247e-02
3.177971999999999742e-02 0.000000000000000000e+00 0.000000000000000000e+00 7.717865392781690360e-06 0.000000000000000000e+00 9.388051652431085581e-02
3.251996000000000053e-02 0.000000000000000000e+00 0.000000000000000000e+00 8.127645294940668303e-06 0.000000000000000000e+00 9.306101426003600408e-02
3.327745000000000009e-02 0.000000000000000000e+00 0.000000000000000000e+00 8.332462398824171977e-06 0.000000000000000000e+00 9.224367888285882333e-02
3.405257999999999896e-02 0.000000000000000000e+00 0.000000000000000000e+00 8.361887095655623644e-06 0.000000000000000000e+00 9.144460500446777163e-02
3.484576999999999813e-02 0.000000000000000000e+00 0.000000000000000000e+00 8.755579209445766274e-06 0.000000000000000000e+00 9.066379000339257199e-02
3.565742999999999691e-02 0.000000000000000000e+00 0.000000000000000000e+00 1.132692346891056627e-05 0.000000000000000000e+00 8.981612763141445799e-02
3.648799999999999960e-02 0.000000000000000000e+00 0.000000000000000000e+00 1.585626521888656139e-05 0.000000000000000000e+00 8.875957450841259755e-02
3.733791000000000193e-02 0.000000000000000000e+00 0.000000000000000000e+00 1.684806992046841752e-05 0.000000000000000000e+00 8.771311860788753856e-02
3.820761999999999770e-02 0.000000000000000000e+00 0.000000000000000000e+00 1.518385849458261976e-05 0.000000000000000000e+00 8.668991879230512898e-02
3.909759000000000151e-02 0.000000000000000000e+00 0.000000000000000000e+00 1.833733197093903713e-05 0.000000000000000000e+00 8.568912179992499434e-02
4.000829000000000191e-02 0.000000000000000000e+00 0.000000000000000000e+00 2.373709388012270707e-05 0.000000000000000000e+00 8.463946728536900221e-02
4.094020999999999771e-02 0.000000000000000000e+00 0.000000000000000000e+00 2.640703957710847322e-05 0.000000000000000000e+00 8.342324900396090592e-02
4.189382999999999996e-02 0.000000000000000000e+00 0.000000000000000000e+00 2.529122464384255206e-05 0.000000000000000000e+00 8.222181678614001732e-02
4.286965999999999694e-02 0.000000000000000000e+00 0.000000000000000000e+00 2.421769089757257705e-05 0.000000000000000000e+00 8.104550295926261916e-02
4.386821999999999944e-02 0.000000000000000000e+00 0.000000000000000000e+00 2.695265928556080516e-05 0.000000000000000000e+00 7.989348961896425294e-02
4.489003999999999911e-02 0.000000000000000000e+00 0.000000000000000000e+00 2.841319853754300425e-05 0.000000000000000000e+00 7.870856160377343036e-02
4.593566999999999789e-02 0.000000000000000000e+00 0.000000000000000000e+00 2.635622805496648543e-05 0.000000000000000000e+00 7.739676388355647141e-02
4.700564000000000131e-02 0.000000000000000000e+00 0.000000000000000000e+00 2.687062860348397807e-05 0.000000000000000000e+00 7.610385914952981501e-02
4.810054999999999886e-02 0.000000000000000000e+00 0.000000000000000000e+00 2.879140824504819904e-05 0.000000000000000000e+00 7.483898066129843207e-02
4.922094999999999942e-02 0.000000000000000000e+00 0.000000000000000000e+00 2.759395092861279135e-05 0.000000000000000000e+00 7.359994335605694882e-02
5.036746000000000278e-02 0.000000000000000000e+00 0.000000000000000000e+00 3.083698916261812142e-05 0.000000000000000000e+00 7.233946285845280211e-02
5.154066000000000203e-02 0.000000000000000000e+00 0.000000000000000000e+00 4.453570000827057997e-05 0.000000000000000000e+00 7.097782793915421995e-02
5.274120000000000197e-02 2.766314330463520598e-299 0.000000000000000000e+00 4.174814897492908007e-05 0.000000000000000000e+00 6.961980349987560712e-02
5.396970000000000239e-02 5.052035227235307670e-279 0.000000000000000000e+00 3.553337388185546830e-05 0.000000000000000000e+00 6.826460689778782176e-02
5.522682000000000285e-02 3.306601478738968851e-260 0.000000000000000000e+00 3.734489045245654841e-05 0.000000000000000000e+00 6.690183554594215931e-02
5.651322000000000290e-02 9.808921790222562523e-243 0.000000000000000000e+00 4.744740288934853260e-05 0.000000000000000000e+00 6.549102310607320121e-02
5.782957999999999849e-02 1.640161555216478998e-226 0.000000000000000000e+00 4.938523202952118220e-05 0.000000000000000000e+00 6.397333257000714646e-02
5.917660000000000281e-02 1.897580925145137215e-211 0.000000000000000000e+00 4.770201107484007218e-05 0.000000000000000000e+00 6.243302882022488953e-02
6.055499999999999772e-02 1.836037736039100838e-197 0.000000000000000000e+00 4.219148287748962446e-05 0.000000000000000000e+00 6.087315249541613155e-02
6.196551000000000142e-02 1.772030274204565110e-184 0.000000000000000000e+00 5.012759020513749214e-05 0.000000000000000000e+00 5.929295839581547739e-02
6.340887000000000606e-02 2.009068928385821530e-172 0.000000000000000000e+00 5.203584872823621596e-05 0.000000000000000000e+00 5.767086319211302270e-02
6.488584999999999492e-02 3.114131441329252266e-161 0.000000000000000000e+00 5.235680872041431703e-05 0.000000000000000000e+00 5.596800416515140125e-02
6.639723999999999626e-02 7.612367207951382049e-151 0.000000000000000000e+00 5.281749591857635870e-05 0.000000000000000000e+00 5.424841000658645052e-02
6.794382999999999673e-02 3.348357627675979595e-141 0.000000000000000000e+00 5.326508340264721436e-05 0.000000000000000000e+00 5.251935836573205785e-02
6.952643999999999491e-02 2.995789006414249934e-132 0.000000000000000000e+00 5.293554371974324753e-05 0.000000000000000000e+00 5.078440826168347660e-02
7.114592000000000138e-02 6.107648530676590335e-124 0.000000000000000000e+00 5.328387686277253471e-05 0.000000000000000000e+00 4.902708210931626398e-02
7.280311999999999895e-02 3.152441236191656631e-116 0.000000000000000000e+00 5.946987896898838958e-05 0.000000000000000000e+00 4.722243379640558847e-02
7.449893000000000487e-02 4.549479325593239273e-109 0.000000000000000000e+00 5.804384157573231289e-05 0.000000000000000000e+00 4.541801754478620723e-02
7.623423000000000005e-02 2.011795499820212245e-102 0.000000000000000000e+00 5.441624048347104987e-05 0.000000000000000000e+00 4.362038270955754388e-02
7.800994999999999457e-02 2.967762532594881704e-96 0.000000000000000000e+00 5.522745804343588797e-05 0.000000000000000000e+00 4.183173566720314179e-02
7.982704000000000188e-02 1.580139666195738353e-90 0.000000000000000000e+00 5.686089296252171658e-05 0.000000000000000000e+00 4.004493674542353165e-02
8.168644999999999379e-02 3.266479500158807057e-85 0.000000000000000000e+00 5.800135079843921586e-05 0.000000000000000000e+00 3.824871935633239461e-02
8.358917000000000430e-02 2.808776779431907153e-80 0.000000000000000000e+00 5.161513119794120972e-05 0.000000000000000000e+00 3.647682884571416123e-02
8.553621000000000141e-02 1.070453889289792086e-75 0.000000000000000000e+00 5.678217489983401533e-05 0.000000000000000000e+00 3.473627987861142158e-02
8.752861000000000669e-02 1.917924091565233293e-71 0.000000000000000000e+00 5.803434812770861330e-05 0.000000000000000000e+00 3.303303889406434407e-02
8.956741000000000008e-02 1.706068081682608071e-67 0.000000000000000000e+00 5.773593956354316012e-05 0.000000000000000000e+00 3.136589474862221116e-02
9.165370000000000461e-02 1.864008449364595033e-62 0.000000000000000000e+00 2.146274952220155255e-03 0.000000000000000000e+00 6.992737627715187587e-01
9.378859000000000501e-02 4.741344180728633434e-59 0.000000000000000000e+00 6.679992861965342033e-03 0.000000000000000000e+00 6.618519746473116028e-01
9.597321000000000324e-02 6.927594576984058955e-56 0.000000000000000000e+00 9.916349222081951437e-03 0.000000000000000000e+00 6.280851944554762811e-01
9.820871000000000461e-02 6.051822906617063548e-53 0.000000000000000000e+00 6.907733080513855234e-03 0.000000000000000000e+00 5.972748710130771910e-01
1.004962999999999967e-01 3.279906844749215049e-50 0.000000000000000000e+00 1.064314967810349281e-02 0.000000000000000000e+00 5.687267183102676649e-01
1.028371000000000007e-01 1.237508777894020687e-47 0.000000000000000000e+00 9.676703592171357129e-03 0.000000000000000000e+00 5.875611198671492064e-01
1.052325000000000066e-01 2.879704436396623487e-45 0.000000000000000000e+00 1.430752256008554525e-02 0.000000000000000000e+00 5.648421067082917135e-01
1.076836999999999933e-01 4.580362499176075873e-43 0.000000000000000000e+00 1.274574864854586750e-02 0.000000000000000000e+00 5.433607062000741506e-01
1.101919999999999983e-01 5.117589864922608530e-41 0.000000000000000000e+00 1.367906656177259560e-02 0.000000000000000000e+00 5.227203593862728148e-01
1.127587000000000034e-01 4.076303364225727100e-39 0.000000000000000000e+00 1.306667366627600572e-02 0.000000000000000000e+00 4.973312437941332376e-01
1.153851999999999933e-01 2.488426562770751584e-37 0.000000000000000000e+00 1.363431498569762576e-02 0.000000000000000000e+00 4.911484039753923891e-01
1.180728000000000055e-01 1.203252567669381860e-35 0.000000000000000000e+00 1.152294831222905325e-02 0.000000000000000000e+00 5.088891438500959818e-01
1.208231000000000027e-01 4.247652234123270421e-34 0.000000000000000000e+00 8.334312244165855907e-03 0.000000000000000000e+00 4.994704264010628170e-01
1.236373999999999945e-01 1.294690519130475889e-32 0.000000000000000000e+00 1.563935214597429388e-02 0.000000000000000000e+00 5.388199978428537262e-01
1.265172999999999992e-01 2.676197015097325709e-31 0.000000000000000000e+00 1.731310992396119242e-02 0.000000000000000000e+00 4.930108543481740435e-01
1.294643000000000044e-01 4.719721404894120535e-30 0.000000000000000000e+00 1.771803747029559659e-02 0.000000000000000000e+00 4.735360463320691382e-01
1.324799000000000115e-01 6.941223111275735423e-29 0.000000000000000000e+00 1.884390392832624786e-02 0.000000000000000000e+00 4.596594427541039751e-01
1.355657999999999863e-01 8.548013661392081797e-28 0.000000000000000000e+00 1.917993002234806219e-02 0.000000000000000000e+00 4.464982040445292788e-01
1.387234999999999996e-01 8.927236251480798873e-27 0.000000000000000000e+00 1.744241400798707264e-02 0.000000000000000000e+00 4.339179044406288877e-01
1.419547999999999921e-01 8.008541944386045925e-26 0.000000000000000000e+00 1.766347391954244811e-02 0.000000000000000000e+00 4.222678997257955924e-01
1.452613000000000099e-01 6.321946801946697742e-25 0.000000000000000000e+00 1.887989652629347426e-02 0.000000000000000000e+00 4.169387809158949798e-01
1.486448999999999965e-01 4.629243214117047039e-24 0.000000000000000000e+00 1.843830418055421305e-02 0.000000000000000000e+00 4.358929227877375023e-01
1.521073000000000008e-01 3.041285427980293492e-23 0.000000000000000000e+00 1.655555035428347976e-02 0.000000000000000000e+00 4.623999457512309452e-01
1.556502999999999914e-01 1.592565618364892486e-22 0.000000000000000000e+00 1.550329753143152474e-02 0.000000000000000000e+00 4.384443422615956765e-01
1.592758999999999980e-01 6.992016339324412996e-22 0.000000000000000000e+00 1.793980246608272225e-02 0.000000000000000000e+00 3.878731692957188559e-01
1.629858999999999891e-01 2.937088260800112628e-21 0.000000000000000000e+00 1.836922102536783785e-02 0.000000000000000000e+00 3.627799224163338332e-01
1.667822999999999944e-01 1.165723630123553649e-20 0.000000000000000000e+00 1.927089967701187817e-02 0.000000000000000000e+00 3.520251976125133297e-01
1.706671999999999911e-01 4.260831316616510675e-20 0.000000000000000000e+00 1.919696307842390717e-02 0.000000000000000000e+00 3.427226659696143707e-01
1.746425000000000061e-01 1.482458918681212566e-19 0.000000000000000000e+00 1.968562377706309374e-02 0.000000000000000000e+00 3.335926982356711701e-01
1.787104999999999944e-01 4.963828589997655586e-19 0.000000000000000000e+00 2.054186336315644637e-02 0.000000000000000000e+00 3.244109544809765100e-01
1.828732000000000135e-01 1.599393894414107468e-18 0.000000000000000000e+00 2.249120048107172004e-02 0.000000000000000000e+00 3.151494297737126304e-01
1.871327999999999880e-01 4.963243701788663051e-18 0.000000000000000000e+00 2.389760819750491247e-02 0.000000000000000000e+00 3.059393184539961896e-01
1.914916999999999869e-01 1.486114714753030939e-17 0.000000000000000000e+00 2.524284411333907116e-02 0.000000000000000000e+00 2.969441915418586930e-01
1.959520999999999902e-01 4.303867214125247864e-17 0.000000000000000000e+00 2.641689520339119204e-02 0.000000000000000000e+00 2.880567214379084473e-01
2.005164999999999864e-01 1.211398310436692030e-16 0.000000000000000000e+00 2.760273256549661616e-02 0.000000000000000000e+00 2.792923714519241485e-01
2.051871000000000111e-01 3.341127418245590200e-16 0.000000000000000000e+00 2.871171888062518454e-02 0.000000000000000000e+00 2.709179725145540174e-01
2.099665000000000004e-01 9.118381946328023783e-16 0.000000000000000000e+00 2.985514698067159509e-02 0.000000000000000000e+00 2.630461307644121338e-01
2.148573000000000011e-01 2.487614738356474708e-15 0.000000000000000000e+00 3.112146308056098695e-02 0.000000000000000000e+00 2.557649530929141934e-01
2.198618999999999990e-01 6.844856390324335052e-15 0.000000000000000000e+00 3.246661399900936662e-02 0.000000000000000000e+00 2.493842500895814274e-01
2.249831999999999943e-01 1.906366079159782680e-14 0.000000000000000000e+00 3.408377782898823483e-02 0.000000000000000000e+00 2.440369888128868237e-01
2.302237000000000033e-01 5.357424451194713610e-14 0.000000000000000000e+00 3.578302947771369591e-02 0.000000000000000000e+00 2.396090501492838254e-01
2.355862999999999985e-01 1.507421449192842401e-13 0.000000000000000000e+00 3.755999350442135870e-02 0.000000000000000000e+00 2.359096313414870416e-01
2.410738000000000048e-01 4.206509704849663344e-13 0.000000000000000000e+00 3.939657223084447324e-02 0.000000000000000000e+00 2.327278762298324866e-01
2.466890999999999945e-01 1.154313743792978350e-12 0.000000000000000000e+00 4.137927623893974949e-02 0.000000000000000000e+00 2.298800333056960910e-01
2.524352999999999736e-01 3.097646837252491673e-12 0.000000000000000000e+00 4.338252423601254154e-02 0.000000000000000000e+00 2.273604557601222875e-01
2.583152000000000226e-01 8.127435025366297534e-12 0.000000000000000000e+00 4.538630885793413366e-02 0.000000000000000000e+00 2.258305291807972681e-01
2.643322000000000171e-01 2.159603187946965377e-11 0.000000000000000000e+00 4.727340931652500300e-02 0.000000000000000000e+00 2.336379953488600392e-01
2.704892999999999881e-01 6.154124009027225590e-11 0.000000000000000000e+00 4.903243807899956841e-02 0.000000000000000000e+00 2.666021718361477055e-01
2.767897999999999747e-01 1.621197054629239614e-10 0.000000000000000000e+00 5.073094050481671141e-02 0.000000000000000000e+00 2.890119518376899621e-01
2.832370000000000165e-01 3.420008844137562349e-10 0.000000000000000000e+00 5.248314022888003749e-02 0.000000000000000000e+00 2.575437351787125961e-01
2.898344999999999949e-01 6.673187463047988552e-10 0.000000000000000000e+00 5.432642227279493169e-02 0.000000000000000000e+00 2.176263814624692372e-01
2.965856000000000048e-01 1.406525266916608707e-09 0.000000000000000000e+00 5.653626451301823480e-02 0.000000000000000000e+00 2.033955343721010056e-01
3.034938999999999831e-01 3.004745144298791729e-09 0.000000000000000000e+00 5.903260925403291948e-02 0.000000000000000000e+00 1.970420867743430116e-01
3.105631999999999837e-01 6.281747313018835305e-09 0.000000000000000000e+00 6.211958146153796073e-02 0.000000000000000000e+00 1.908331406298021393e-01
3.177972000000000019e-01 1.283360389278780771e-08 0.000000000000000000e+00 6.598935090279016424e-02 0.000000000000000000e+00 1.843214075366067517e-01
3.251995999999999776e-01 2.566527906756322053e-08 0.000000000000000000e+00 7.096807191165067918e-02 0.000000000000000000e+00 1.776923341610065210e-01
3.327744999999999731e-01 4.403789920532982376e-08 0.000000000000000000e+00 7.723306240479403673e-02 0.000000000000000000e+00 1.710396004055708130e-01
3.405257999999999896e-01 5.867368559792740190e-08 0.000000000000000000e+00 8.492914819536404036e-02 0.000000000000000000e+00 1.643756429732710078e-01
3.484576999999999813e-01 7.382518252381711189e-08 0.000000000000000000e+00 9.375548190723538566e-02 0.000000000000000000e+00 1.578079020002375876e-01
3.565743000000000107e-01 8.977229729145197701e-08 0.000000000000000000e+00 1.004602504250309281e-01 0.000000000000000000e+00 1.512909061262360799e-01
3.648799999999999821e-01 1.079978621653628287e-07 0.000000000000000000e+00 1.046920428260613017e-01 0.000000000000000000e+00 1.448719858384418246e-01
3.733791000000000193e-01 1.310809791731559387e-07 0.000000000000000000e+00 1.234549699301056291e-01 0.000000000000000000e+00 1.385770128984203098e-01
3.820761999999999770e-01 1.627959926876389968e-07 0.000000000000000000e+00 1.312898406890429248e-01 0.000000000000000000e+00 1.323888714452465531e-01
3.909758999999999873e-01 2.087855063176092532e-07 0.000000000000000000e+00 1.444720366887385365e-01 0.000000000000000000e+00 1.263658090116583921e-01
4.000829000000000191e-01 2.776035452008770326e-07 0.000000000000000000e+00 1.662931571087872262e-01 0.000000000000000000e+00 1.205461151202742442e-01
4.094020999999999910e-01 3.826093008716666884e-07 0.000000000000000000e+00 1.779542933836325835e-01 0.000000000000000000e+00 1.149838707053522785e-01
4.189382999999999857e-01 5.447753956382331414e-07 0.000000000000000000e+00 1.896433911184283450e-01 0.000000000000000000e+00 1.097269309299641754e-01
4.286965999999999832e-01 7.966530105360082095e-07 0.000000000000000000e+00 1.900516629933849400e-01 0.000000000000000000e+00 1.047929939171889646e-01
4.386822000000000221e-01 1.188156957455238432e-06 0.000000000000000000e+00 2.014970419280580627e-01 0.000000000000000000e+00 1.002118406268118073e-01
4.489003999999999772e-01 1.806846228249075106e-06 0.000000000000000000e+00 2.225407425312453946e-01 0.000000000000000000e+00 9.670203447078504211e-02
4.593567000000000067e-01 2.975517472525414530e-06 0.000000000000000000e+00 2.299644651246078864e-01 0.000000000000000000e+00 1.007910605017827282e-01
4.700563999999999854e-01 5.695745531211144608e-06 0.000000000000000000e+00 2.356737400847317976e-01 0.000000000000000000e+00 1.226627430363078780e-01
4.810054999999999747e-01 9.759658795813851755e-06 0.000000000000000000e+00 2.401222303013174908e-01 0.000000000000000000e+00 1.350435465835113646e-01
4.922095000000000220e-01 1.235970644888687494e-05 0.000000000000000000e+00 2.425423483917480694e-01 0.000000000000000000e+00 1.115718714358589075e-01
5.036745999999999723e-01 1.430147814405239970e-05 0.000000000000000000e+00 2.481679696416235203e-01 0.000000000000000000e+00 8.580551395161452322e-02
5.154066000000000480e-01 1.918047946135072450e-05 0.000000000000000000e+00 2.480494059835334497e-01 0.000000000000000000e+00 7.807379724746239813e-02
5.274119999999999919e-01 2.682568555280077116e-05 0.000000000000000000e+00 2.521014786585058509e-01 0.000000000000000000e+00 7.566630037132128506e-02
5.396969999999999823e-01 3.695532644215044580e-05 0.000000000000000000e+00 2.720287270645568856e-01 0.000000000000000000e+00 7.373697545279271626e-02
5.522681999999999869e-01 5.004697650083862645e-05 0.000000000000000000e+00 2.842176198990573610e-01 0.000000000000000000e+00 7.199684355165179850e-02
5.651321999999999734e-01 6.678490390789070571e-05 0.000000000000000000e+00 2.902581413127747756e-01 0.000000000000000000e+00 7.043423981839572190e-02
5.782958000000000265e-01 8.806870973697182787e-05 0.000000000000000000e+00 2.930320257092859371e-01 0.000000000000000000e+00 6.903308234346690331e-02
5.917660000000000142e-01 1.151301900955107612e-04 0.000000000000000000e+00 2.980618405198993681e-01 0.000000000000000000e+00 6.777553493549220986e-02
6.055500000000000327e-01 1.510122132076830456e-04 0.000000000000000000e+00 3.060447706992008299e-01 0.000000000000000000e+00 6.722814200577137411e-02
6.196551000000000142e-01 2.171385915850596331e-04 0.000000000000000000e+00 3.150535938995981389e-01 0.000000000000000000e+00 7.335744931242237088e-02
6.340886999999999496e-01 3.775807432523421324e-04 0.000000000000000000e+00 3.233905469923538112e-01 0.000000000000000000e+00 9.682711123145633370e-02
6.488585000000000047e-01 5.785429003793028310e-04 0.000000000000000000e+00 3.309153645655477094e-01 0.000000000000000000e+00 1.123242736923109886e-01
6.639724000000000181e-01 6.242341278972323966e-04 0.000000000000000000e+00 3.374409161556117254e-01 0.000000000000000000e+00 9.130268453656557870e-02
6.794383000000000505e-01 6.025766692817074869e-04 0.000000000000000000e+00 3.428660547257705304e-01 0.000000000000000000e+00 6.595262523715229863e-02
6.952644000000000046e-01 7.192463731694481331e-04 0.000000000000000000e+00 3.472933467695115684e-01 0.000000000000000000e+00 5.845249984230924123e-02
7.114591999999999583e-01 9.422390224490567083e-04 0.000000000000000000e+00 3.512988657532105097e-01 0.000000000000000000e+00 5.639909466743640160e-02
7.280311999999999895e-01 1.250317787568545457e-03 0.000000000000000000e+00 3.551073766305041235e-01 0.000000000000000000e+00 5.470056743534755517e-02
7.449892999999999654e-01 1.670963771389091844e-03 0.000000000000000000e+00 3.587201721696236523e-01 0.000000000000000000e+00 5.308973882229247460e-02
7.623423000000000282e-01 2.246834588905803533e-03 0.000000000000000000e+00 3.624590776512881529e-01 0.000000000000000000e+00 5.161493577601855565e-02
7.800994999999999457e-01 3.033869406567787051e-03 0.000000000000000000e+00 3.664942173879894294e-01 0.000000000000000000e+00 5.031037787027354408e-02
7.982704000000000466e-01 4.100809470855952717e-03 0.000000000000000000e+00 3.707786948833530216e-01 0.000000000000000000e+00 4.918174276462861788e-02
8.168644999999999934e-01 5.526342206842380957e-03 0.000000000000000000e+00 3.756847404882039942e-01 0.000000000000000000e+00 4.822564889528275361e-02
8.358917000000000153e-01 7.389479003255171319e-03 0.000000000000000000e+00 3.814937202384797166e-01 0.000000000000000000e+00 4.743251298163293772e-02
8.553621000000000141e-01 9.750328913918972565e-03 0.000000000000000000e+00 3.873935643508110704e-01 0.000000000000000000e+00 4.678897133492314342e-02
8.752860999999999558e-01 1.262236958701666752e-02 0.000000000000000000e+00 3.937468046246093700e-01 0.000000000000000000e+00 4.629140286482566480e-02
8.956741000000000286e-01 1.593172226354229448e-02 0.000000000000000000e+00 4.004523230300964243e-01 0.000000000000000000e+00 4.593474534145908922e-02
9.165370000000000461e-01 1.966433305583349320e-02 0.000000000000000000e+00 4.072821223778321786e-01 0.000000000000000000e+00 4.570194371900884039e-02
9.378859000000000501e-01 2.408857765934585213e-02 0.000000000000000000e+00 4.143675279224989794e-01 0.000000000000000000e+00 4.558651098850892425e-02
9.597320999999999769e-01 2.935915751029554918e-02 0.000000000000000000e+00 4.215644886077944409e-01 0.000000000000000000e+00 4.558121306760554159e-02
9.820870999999999906e-01 3.559959965116864244e-02 0.000000000000000000e+00 4.289995597491365054e-01 0.000000000000000000e+00 4.567027880514209354e-02
1.004963000000000051e+00 4.293860917685952960e-02 0.000000000000000000e+00 4.339856683424393458e-01 0.000000000000000000e+00 4.583508775066878066e-02
1.028370999999999924e+00 5.151439515872714703e-02 0.000000000000000000e+00 4.335027075917208261e-01 0.000000000000000000e+00 4.606231867496793364e-02
1.052324999999999955e+00 6.149286681767985457e-02 0.000000000000000000e+00 4.327649243379441679e-01 0.000000000000000000e+00 4.635630776550991872e-02
1.076837000000000044e+00 7.304250855194445446e-02 0.000000000000000000e+00 4.286329292950578629e-01 0.000000000000000000e+00 4.671158464046293313e-02
1.101920000000000011e+00 8.633472679086355572e-02 0.000000000000000000e+00 4.230435214332173288e-01 0.000000000000000000e+00 4.711931787013894785e-02
1.127586999999999895e+00 1.015775510593857484e-01 0.000000000000000000e+00 4.229180474088983233e-01 0.000000000000000000e+00 4.758618506612467824e-02
1.153852000000000100e+00 1.190363469997626905e-01 0.000000000000000000e+00 4.232909603227982820e-01 0.000000000000000000e+00 4.813338102490062609e-02
1.180728000000000000e+00 1.390255731292143471e-01 0.000000000000000000e+00 4.228432014174974274e-01 0.000000000000000000e+00 4.878330279395232116e-02
1.208231000000000055e+00 1.618553741454783756e-01 0.000000000000000000e+00 4.230648639757519924e-01 0.000000000000000000e+00 4.953986348411244800e-02
1.236374000000000084e+00 1.878679846696419686e-01 0.000000000000000000e+00 4.238538892618779474e-01 0.000000000000000000e+00 5.040707627714276218e-02
1.265173000000000103e+00 2.174268300170850987e-01 0.000000000000000000e+00 4.209745192684851700e-01 0.000000000000000000e+00 5.138592591403021853e-02
1.294642999999999988e+00 2.509215828064184639e-01 0.000000000000000000e+00 4.176472554956077166e-01 0.000000000000000000e+00 5.247674858490757738e-02
1.324799000000000060e+00 2.888107884367991374e-01 0.000000000000000000e+00 4.155109614023546061e-01 0.000000000000000000e+00 5.368744060273444169e-02
1.355658000000000030e+00 3.316637908480451480e-01 0.000000000000000000e+00 4.100789449433828726e-01 0.000000000000000000e+00 5.503639091750423679e-02
1.387234999999999996e+00 3.800752601670881470e-01 0.000000000000000000e+00 4.082788707324224164e-01 0.000000000000000000e+00 5.653384503767813068e-02
1.419548000000000032e+00 4.346476802286009522e-01 0.000000000000000000e+00 4.025239216513239460e-01 0.000000000000000000e+00 5.818251078377244950e-02
1.452612999999999932e+00 4.960516362863570672e-01 0.000000000000000000e+00 4.036548787693716167e-01 0.000000000000000000e+00 5.998799609502294961e-02
1.486448999999999909e+00 5.649903674794873876e-01 0.000000000000000000e+00 4.061012598981829091e-01 0.000000000000000000e+00 6.195358673316980064e-02
1.521072999999999897e+00 6.421240121524127709e-01 0.000000000000000000e+00 4.159985450020854403e-01 0.000000000000000000e+00 6.407364054998762604e-02
1.556502999999999970e+00 7.282440498653722782e-01 0.000000000000000000e+00 4.231485717390453538e-01 0.000000000000000000e+00 6.635342506246931504e-02
1.592759000000000036e+00 8.241101766910060578e-01 0.000000000000000000e+00 4.233274173314266475e-01 0.000000000000000000e+00 6.879140253829325868e-02
1.629858999999999947e+00 9.303254277946776396e-01 0.000000000000000000e+00 4.278664605000879750e-01 0.000000000000000000e+00 7.137244249359295245e-02
1.667823000000000055e+00 1.047215323131764464e+00 0.000000000000000000e+00 4.232350773742762917e-01 0.000000000000000000e+00 7.406488514244716215e-02
1.706671999999999967e+00 1.175169397437228147e+00 0.000000000000000000e+00 4.112605686929702853e-01 0.000000000000000000e+00 7.684982933720913012e-02
1.746424999999999894e+00 1.314582816180586589e+00 0.000000000000000000e+00 3.933563226753387654e-01 0.000000000000000000e+00 7.971408148912752234e-02
1.787104999999999944e+00 1.465517393341731589e+00 0.000000000000000000e+00 3.771762564988105360e-01 0.000000000000000000e+00 8.262971420451845073e-02
1.828732000000000024e+00 1.627504505316088368e+00 0.000000000000000000e+00 3.585141667183845415e-01 0.000000000000000000e+00 8.554915662669945742e-02
1.871328000000000102e+00 1.800070607918960341e+00 0.000000000000000000e+00 3.408781302287455239e-01 0.000000000000000000e+00 8.843813179556229975e-02
1.914916999999999980e+00 1.982793517447233311e+00 0.000000000000000000e+00 3.259612457868233393e-01 0.000000000000000000e+00 9.127501028886414458e-02
1.959521000000000068e+00 2.174769063934820057e+00 0.000000000000000000e+00 3.091286627223159278e-01 0.000000000000000000e+00 9.402448408492206089e-02
2.005164999999999864e+00 2.375941631077643557e+00 0.000000000000000000e+00 2.957108049893670820e-01 0.000000000000000000e+00 9.669601445585702948e-02
2.051870999999999778e+00 2.586665747767855628e+00 0.000000000000000000e+00 2.817771966829671348e-01 0.000000000000000000e+00 9.931471678772359202e-02
2.099664999999999893e+00 2.807625284129742660e+00 0.000000000000000000e+00 2.695816438242806812e-01 0.000000000000000000e+00 1.019139542686191419e-01
2.148572999999999844e+00 3.038770446764377908e+00 0.000000000000000000e+00 2.584249633126357582e-01 0.000000000000000000e+00 1.044962794251686200e-01
2.198618999999999879e+00 3.279559896875327230e+00 0.000000000000000000e+00 2.465388047401773086e-01 0.000000000000000000e+00 1.070488121921409908e-01
2.249832000000000054e+00 3.528937498300667386e+00 0.000000000000000000e+00 2.362711846342865352e-01 0.000000000000000000e+00 1.095462251879241872e-01
2.302236999999999867e+00 3.784983736473398253e+00 0.000000000000000000e+00 2.116823496327089604e-01 0.000000000000000000e+00 1.119433926494082382e-01
2.355862999999999818e+00 4.048710264920297064e+00 0.000000000000000000e+00 1.884984871278292951e-01 0.000000000000000000e+00 1.142870662921595670e-01
2.410737999999999825e+00 4.319197270712176184e+00 0.000000000000000000e+00 1.757794218744134496e-01 0.000000000000000000e+00 1.165645438173051052e-01
2.466890999999999945e+00 4.593655319931333914e+00 0.000000000000000000e+00 1.660737000809348884e-01 0.000000000000000000e+00 1.187176125851648195e-01
2.524353000000000069e+00 4.870562044581873806e+00 0.000000000000000000e+00 1.555411962124679526e-01 0.000000000000000000e+00 1.207295492401893738e-01
2.583152000000000115e+00 5.148872757774245024e+00 0.000000000000000000e+00 1.564493471898692756e-01 0.000000000000000000e+00 1.225981535573126141e-01
2.643321999999999949e+00 5.428097400351305168e+00 0.000000000000000000e+00 1.532146907307656847e-01 0.000000000000000000e+00 1.243346544695525940e-01
2.704893000000000214e+00 5.707734901086561230e+00 0.000000000000000000e+00 1.486007111490562638e-01 0.000000000000000000e+00 1.259486550628035606e-01
2.767898000000000192e+00 5.989089431792177898e+00 0.000000000000000000e+00 1.444714368227474344e-01 0.000000000000000000e+00 1.274869770017954262e-01
2.832370000000000054e+00 6.272938653096663764e+00 0.000000000000000000e+00 1.394729496126958235e-01 0.000000000000000000e+00 1.289792889035090429e-01
2.898344999999999949e+00 6.560392611062282775e+00 0.000000000000000000e+00 1.362853415703892956e-01 0.000000000000000000e+00 1.304579698998632464e-01
2.965856000000000048e+00 6.854819875606954938e+00 0.000000000000000000e+00 1.315207588755581136e-01 0.000000000000000000e+00 1.319947547316616954e-01
3.034939000000000053e+00 7.157236350225082866e+00 0.000000000000000000e+00 1.267892244583321004e-01 0.000000000000000000e+00 1.336086586917768493e-01
3.105631999999999948e+00 7.465519248004720332e+00 0.000000000000000000e+00 1.219831880729583817e-01 0.000000000000000000e+00 1.352596147437371832e-01
3.177972000000000019e+00 7.777641094092277108e+00 0.000000000000000000e+00 1.186514836653813215e-01 0.000000000000000000e+00 1.369138322742774472e-01
3.251996000000000109e+00 8.093287448816242957e+00 0.000000000000000000e+00 1.331533089944743620e-01 0.000000000000000000e+00 1.385705443813988191e-01
3.327745000000000175e+00 8.407173347522796547e+00 0.000000000000000000e+00 1.577309648300101452e-01 0.000000000000000000e+00 1.401461429291010752e-01
3.405257999999999896e+00 8.714647702079998837e+00 0.000000000000000000e+00 1.275518358993518175e-01 0.000000000000000000e+00 1.415757492711376409e-01
3.484576999999999813e+00 9.010529632473128103e+00 0.000000000000000000e+00 1.160595811609458350e-01 0.000000000000000000e+00 1.427922222414131914e-01
3.565742999999999885e+00 9.292688582184858603e+00 0.000000000000000000e+00 9.957912453167776234e-02 0.000000000000000000e+00 1.437815979546661627e-01
3.648800000000000043e+00 9.560437328621183894e+00 0.000000000000000000e+00 9.301346559503474720e-02 0.000000000000000000e+00 1.445524900485421760e-01
3.733791000000000082e+00 9.813329504488313759e+00 0.000000000000000000e+00 8.851831342508899303e-02 0.000000000000000000e+00 1.451157455676808372e-01
3.820762000000000214e+00 1.005303004323078753e+01 0.000000000000000000e+00 8.450581894062558774e-02 0.000000000000000000e+00 1.455112773472460042e-01
3.909759000000000206e+00 1.028306523105023018e+01 0.000000000000000000e+00 8.056689906519050315e-02 0.000000000000000000e+00 1.458015626966907008e-01
4.000829000000000413e+00 1.050790409423708560e+01 0.000000000000000000e+00 7.618922955452572809e-02 0.000000000000000000e+00 1.460567682445618187e-01
4.094020999999999688e+00 1.073521365861869015e+01 0.000000000000000000e+00 7.239095666357535375e-02 0.000000000000000000e+00 1.463849719417798234e-01
4.189383000000000301e+00 1.097281684693402859e+01 0.000000000000000000e+00 6.958705922310161329e-02 0.000000000000000000e+00 1.468882062250521925e-01
4.286965999999999610e+00 1.122607285667664812e+01 0.000000000000000000e+00 6.603292372521331333e-02 0.000000000000000000e+00 1.476289093080302428e-01
4.386822000000000443e+00 1.149854699631234034e+01 0.000000000000000000e+00 6.150871627433238814e-02 0.000000000000000000e+00 1.486423013855667774e-01
4.489004000000000438e+00 1.179211514813315631e+01 0.000000000000000000e+00 5.869372662154179188e-02 0.000000000000000000e+00 1.499401638743630971e-01
4.593567000000000178e+00 1.210831231871939728e+01 0.000000000000000000e+00 5.760539527973834728e-02 0.000000000000000000e+00 1.515296956269632511e-01
4.700563999999999965e+00 1.244732961297832752e+01 0.000000000000000000e+00 5.760585351460885406e-02 0.000000000000000000e+00 1.534015491624022842e-01
4.810055000000000192e+00 1.280617569001057277e+01 0.000000000000000000e+00 5.824613552576387437e-02 0.000000000000000000e+00 1.555087490442835230e-01
4.922094999999999665e+00 1.317737015634254760e+01 0.000000000000000000e+00 5.893337619859081306e-02 0.000000000000000000e+00 1.577536841995527128e-01
5.036745999999999945e+00 1.355432686533631959e+01 0.000000000000000000e+00 5.941940598386040440e-02 0.000000000000000000e+00 1.600549787778201560e-01
5.154066000000000258e+00 1.393254567380943243e+01 0.000000000000000000e+00 6.120710202903654334e-02 0.000000000000000000e+00 1.623600072955766749e-01
5.274119999999999919e+00 1.430361100233572635e+01 0.000000000000000000e+00 6.373476722413445872e-02 0.000000000000000000e+00 1.645737715187143291e-01
5.396969999999999601e+00 1.466287746163956740e+01 0.000000000000000000e+00 6.682936241944989475e-02 0.000000000000000000e+00 1.666486756500658029e-01
5.522681999999999647e+00 1.500774116815448700e+01 0.000000000000000000e+00 7.041538448679277029e-02 0.000000000000000000e+00 1.685620403128415268e-01
5.651322000000000401e+00 1.533504545263884467e+01 0.000000000000000000e+00 7.438874878354115316e-02 0.000000000000000000e+00 1.702857463792840920e-01
5.782957999999999821e+00 1.564218591162464378e+01 0.000000000000000000e+00 7.871458553904325806e-02 0.000000000000000000e+00 1.717986090776410790e-01
5.917659999999999698e+00 1.592942049340122601e+01 0.000000000000000000e+00 8.357146237706170044e-02 0.000000000000000000e+00 1.731110452133865218e-01
6.055500000000000327e+00 1.619794890438199531e+01 0.000000000000000000e+00 1.560159353908280033e-01 0.000000000000000000e+00 1.742427597662578320e-01
6.196551000000000364e+00 1.644763859129460215e+01 0.000000000000000000e+00 4.780620926502995305e-01 0.000000000000000000e+00 1.751981068610161396e-01
6.340887000000000384e+00 1.667808738220046649e+01 0.000000000000000000e+00 2.454332690185655474e-01 0.000000000000000000e+00 1.759780875202784922e-01
6.488584999999999603e+00 1.688930175505674924e+01 0.000000000000000000e+00 1.021766047850435205e-01 0.000000000000000000e+00 1.765876147453906975e-01
6.639724000000000181e+00 1.707930817918904864e+01 0.000000000000000000e+00 1.057830816678136110e-01 0.000000000000000000e+00 1.770105987092493727e-01
6.794382999999999839e+00 1.724454734826433722e+01 0.000000000000000000e+00 1.095986401330247828e-01 0.000000000000000000e+00 1.772149066235616244e-01
6.952644000000000268e+00 1.738282171395962905e+01 0.000000000000000000e+00 1.136211606937979068e-01 0.000000000000000000e+00 1.771830314610431389e-01
7.114592000000000027e+00 1.749741233261905649e+01 0.000000000000000000e+00 1.228370769713723054e-01 0.000000000000000000e+00 1.769530896669337383e-01
7.280312000000000339e+00 1.759372342747017015e+01 0.000000000000000000e+00 2.421810883841946371e-01 0.000000000000000000e+00 1.765830158376351655e-01
7.449893000000000320e+00 1.767623440072598839e+01 0.000000000000000000e+00 3.516008484877185536e-01 0.000000000000000000e+00 1.761195690328868357e-01
7.623422999999999838e+00 1.775467215922158815e+01 0.000000000000000000e+00 4.452815361823291296e-01 0.000000000000000000e+00 1.756599270796153356e-01
7.800995000000000346e+00 1.784383684710626028e+01 0.000000000000000000e+00 4.133421492279987230e-01 0.000000000000000000e+00 1.753483751638388044e-01
7.982704000000000022e+00 1.795125685499030155e+01 0.000000000000000000e+00 3.674923565983471696e-01 0.000000000000000000e+00 1.752544514749737048e-01
8.168644999999999712e+00 1.807994329462916383e+01 0.000000000000000000e+00 2.732830417690881863e-01 0.000000000000000000e+00 1.754023008537637651e-01
8.358916999999999931e+00 1.823410313158135665e+01 0.000000000000000000e+00 1.653067885070975684e-01 0.000000000000000000e+00 1.758272662826129984e-01
8.553620999999999697e+00 1.841929030960638869e+01 0.000000000000000000e+00 1.702513533416785407e-01 0.000000000000000000e+00 1.765770477484035206e-01
8.752860999999999336e+00 1.863501195278558953e+01 0.000000000000000000e+00 1.776448073865338484e-01 0.000000000000000000e+00 1.776409267533038128e-01
8.956740999999999175e+00 1.887515051972736302e+01 0.000000000000000000e+00 1.714898314027185344e-01 0.000000000000000000e+00 1.789554232165230518e-01
9.165369999999999351e+00 1.912909158708045965e+01 0.000000000000000000e+00 1.675413551694275582e-01 0.000000000000000000e+00 1.804162786955694486e-01
9.378859000000000279e+00 1.938288817865526781e+01 0.000000000000000000e+00 1.680896525788899976e-01 0.000000000000000000e+00 1.818902926114717156e-01
9.597321000000000879e+00 1.962026252896618317e+01 0.000000000000000000e+00 1.716061537513610402e-01 0.000000000000000000e+00 1.832252046637010690e-01
9.820871000000000350e+00 1.983070969484645829e+01 0.000000000000000000e+00 1.748122402991478808e-01 0.000000000000000000e+00 1.843252535949691517e-01
1.004963000000000051e+01 2.001091802498696026e+01 0.000000000000000000e+00 1.765231932069614706e-01 0.000000000000000000e+00 1.851628234463196521e-01
1.028370999999999924e+01 2.015439652826133710e+01 0.000000000000000000e+00 1.794977134853205925e-01 0.000000000000000000e+00 1.856812716167492161e-01
1.052325000000000088e+01 2.025893015097762273e+01 0.000000000000000000e+00 1.825679139732004352e-01 0.000000000000000000e+00 1.858639053724086831e-01
1.076837000000000089e+01 2.032280438444193038e+01 0.000000000000000000e+00 1.857105110639785672e-01 0.000000000000000000e+00 1.856986141044282279e-01
1.101919999999999966e+01 2.034636673142619756e+01 0.000000000000000000e+00 2.539243652383284533e-01 0.000000000000000000e+00 1.851919838436895394e-01
1.127586999999999939e+01 2.032610941196540821e+01 0.000000000000000000e+00 6.285073636349881587e-01 0.000000000000000000e+00 1.843152877211692298e-01
1.153852000000000011e+01 2.026936045785326002e+01 0.000000000000000000e+00 3.725355991117905163e-01 0.000000000000000000e+00 1.831378809208075720e-01
1.180728000000000044e+01 2.022405117071805591e+01 0.000000000000000000e+00 1.898068741252835201e-01 0.000000000000000000e+00 1.820934952977163734e-01
1.208230999999999966e+01 2.021809730606629074e+01 0.000000000000000000e+00 1.890245962005230596e-01 0.000000000000000000e+00 1.814302581060335540e-01
1.236373999999999995e+01 2.028345329878136738e+01 0.000000000000000000e+00 1.882180056922645450e-01 0.000000000000000000e+00 1.814293356415889735e-01
1.265173000000000059e+01 2.043434628245947948e+01 0.000000000000000000e+00 1.881522933455650193e-01 0.000000000000000000e+00 1.822105963197210854e-01
1.294642999999999944e+01 2.065678030317458891e+01 0.000000000000000000e+00 1.877139379308777611e-01 0.000000000000000000e+00 1.836419975339327604e-01
1.324798999999999971e+01 2.095406743869671473e+01 0.000000000000000000e+00 1.868286991811961562e-01 0.000000000000000000e+00 1.857469322746599372e-01
1.355658000000000030e+01 2.138820423030524154e+01 0.000000000000000000e+00 1.854321686314441553e-01 0.000000000000000000e+00 1.890676741974026409e-01
1.387235000000000085e+01 2.203111422475747005e+01 0.000000000000000000e+00 1.834971430785134749e-01 0.000000000000000000e+00 1.942285717585892357e-01
1.419547999999999988e+01 2.298133658502234766e+01 0.000000000000000000e+00 1.810676527724774942e-01 0.000000000000000000e+00 2.020822078922670240e-01
1.452613000000000021e+01 2.421295197230123364e+01 0.000000000000000000e+00 1.781644909439485669e-01 0.000000000000000000e+00 2.123819363585370268e-01
1.486448999999999998e+01 2.555733011250692499e+01 0.000000000000000000e+00 1.748104346310558055e-01 0.000000000000000000e+00 2.236360283731146092e-01
1.521072999999999986e+01 2.680240635707387398e+01 0.000000000000000000e+00 1.710997244546444140e-01 0.000000000000000000e+00 2.339884960883786003e-01
1.556503000000000014e+01 2.778970268245536701e+01 0.000000000000000000e+00 1.672984230784553550e-01 0.000000000000000000e+00 2.420670319137171456e-01
1.592759000000000036e+01 2.849281540936908996e+01 0.000000000000000000e+00 1.651498575379999889e-01 0.000000000000000000e+00 2.476585917629259281e-01
1.629859000000000080e+01 2.892937857902836640e+01 0.000000000000000000e+00 1.632028463574323185e-01 0.000000000000000000e+00 2.509327866935016638e-01
1.667822999999999922e+01 2.907981749121001158e+01 0.000000000000000000e+00 1.612307218107886519e-01 0.000000000000000000e+00 2.517346483480914499e-01
1.706672000000000011e+01 2.888421400185091414e+01 0.000000000000000000e+00 1.594430400049820507e-01 0.000000000000000000e+00 2.495608400378752090e-01
1.746424999999999983e+01 2.829169701942777593e+01 0.000000000000000000e+00 1.579602353556748273e-01 0.000000000000000000e+00 2.439887787611635384e-01
1.787105000000000032e+01 2.730982488522411344e+01 0.000000000000000000e+00 1.568734333851039831e-01 0.000000000000000000e+00 2.351007623645452183e-01
1.828732000000000113e+01 2.594306817999909853e+01 0.000000000000000000e+00 1.562822163257292507e-01 0.000000000000000000e+00 2.229507601832628472e-01
1.871328000000000102e+01 2.436023047496652438e+01 0.000000000000000000e+00 1.562049653599924537e-01 0.000000000000000000e+00 2.090011691392011650e-01
1.914917000000000158e+01 2.280871470112394661e+01 0.000000000000000000e+00 1.570990321213162899e-01 0.000000000000000000e+00 1.953772765425846047e-01
1.959521000000000157e+01 2.157497747552257295e+01 0.000000000000000000e+00 1.593913151304214570e-01 0.000000000000000000e+00 1.845248092755469027e-01
2.005164999999999864e+01 2.088038236875652132e+01 0.000000000000000000e+00 1.621567457738131435e-01 0.000000000000000000e+00 1.783193110471222309e-01
2.051870999999999867e+01 2.093536804516042693e+01 0.000000000000000000e+00 1.657571920301399437e-01 0.000000000000000000e+00 1.785334103983098608e-01
2.099664999999999893e+01 2.173763105550230890e+01 0.000000000000000000e+00 1.701159453131535493e-01 0.000000000000000000e+00 1.851197205267788581e-01
2.148573000000000022e+01 2.323588458405275503e+01 0.000000000000000000e+00 1.753465974937986338e-01 0.000000000000000000e+00 1.976164227579460531e-01
2.198619000000000057e+01 2.540413392211495136e+01 0.000000000000000000e+00 1.815261790437338874e-01 0.000000000000000000e+00 2.157806776148923078e-01
2.249831999999999965e+01 2.814352058270729273e+01 0.000000000000000000e+00 1.894773550797785033e-01 0.000000000000000000e+00 2.387542667442863753e-01
2.302236999999999867e+01 3.124877465295627132e+01 0.000000000000000000e+00 1.978844759905414863e-01 0.000000000000000000e+00 2.647827901914583948e-01
2.355863000000000085e+01 3.448436095331836526e+01 0.000000000000000000e+00 2.062590201949199842e-01 0.000000000000000000e+00 2.918648306325196673e-01
2.410737999999999914e+01 3.767533520875891639e+01 0.000000000000000000e+00 2.143063981170539589e-01 0.000000000000000000e+00 3.185206728471110527e-01
2.466891000000000034e+01 4.070941363622863918e+01 0.000000000000000000e+00 2.219492737045982989e-01 0.000000000000000000e+00 3.438061944294886207e-01
2.524352999999999980e+01 4.349186672963132594e+01 0.000000000000000000e+00 2.291146433432659779e-01 0.000000000000000000e+00 3.669290109778514664e-01
2.583152000000000115e+01 4.598468048557058552e+01 0.000000000000000000e+00 2.363079241042594647e-01 0.000000000000000000e+00 3.875774631836867434e-01
2.643321999999999861e+01 4.816997483241298283e+01 0.000000000000000000e+00 2.453857283205696238e-01 0.000000000000000000e+00 4.056100460540095209e-01
2.704892999999999859e+01 5.003963973538200349e+01 0.000000000000000000e+00 2.543213213818595886e-01 0.000000000000000000e+00 4.209673672011425283e-01
2.767897999999999925e+01 5.159099442670711255e+01 0.000000000000000000e+00 2.628443208015956434e-01 0.000000000000000000e+00 4.336352861367869238e-01
2.832369999999999877e+01 5.281063050951927096e+01 0.000000000000000000e+00 2.710116380421942472e-01 0.000000000000000000e+00 4.435090489160010696e-01
2.898345000000000127e+01 5.368785031270829933e+01 0.000000000000000000e+00 2.788919906007721883e-01 0.000000000000000000e+00 4.505064514289741084e-01
2.965856000000000137e+01 5.418309267800851359e+01 0.000000000000000000e+00 2.862303152578329346e-01 0.000000000000000000e+00 4.543030135609462117e-01
