3.034939000000000039e-02 0.000000000000000000e+00 0.000000000000000000e+00 1.057051136774511466e-06 0.000000000000000000e+00 1.291475563646962246e-41
3.105631999999999837e-02 0.000000000000000000e+00 0.000000000000000000e+00 1.129325279291841009e-06 0.000000000000000000e+00 7.437103386710380272e-39
3.177971999999999742e-02 0.000000000000000000e+00 0.000000000000000000e+00 1.151648180186597316e-06 0.000000000000000000e+00 2.742583580206321897e-36
3.251996000000000053e-02 0.000000000000000000e+00 0.000000000000000000e+00 1.212814856786903936e-06 0.000000000000000000e+00 6.666996082822116121e-34
3.327745000000000009e-02 0.000000000000000000e+00 0.000000000000000000e+00 1.243400428247700910e-06 0.000000000000000000e+00 1.102371375849323127e-31
3.405257999999999896e-02 0.000000000000000000e+00 0.000000000000000000e+00 1.247816297512265489e-06 0.000000000000000000e+00 1.273549253158556953e-29
3.484576999999999813e-02 0.000000000000000000e+00 0.000000000000000000e+00 1.306594560176958815e-06 0.000000000000000000e+00 1.053873218856877524e-27
3.565742999999999691e-02 0.000000000000000000e+00 0.000000000000000000e+00 1.690357406700937780e-06 0.000000000000000000e+00 6.386892245192522574e-26
3.648799999999999960e-02 0.000000000000000000e+00 0.000000000000000000e+00 2.366351146893426568e-06 0.000000000000000000e+00 2.891873104341460944e-24
3.733791000000000193e-02 0.000000000000000000e+00 0.000000000000000000e+00 2.514440593890117902e-06 0.000000000000000000e+00 1.000522622535212516e-22
3.820761999999999770e-02 0.000000000000000000e+00 0.000000000000000000e+00 2.266144770953549227e-06 0.000000000000000000e+00 2.695390439864402089e-21
3.909759000000000151e-02 0.000000000000000000e+00 0.000000000000000000e+00 2.736890467049763019e-06 0.000000000000000000e+00 5.753427783493534387e-20
4.000829000000000191e-02 0.000000000000000000e+00 0.000000000000000000e+00 3.542959796052054050e-06 0.000000000000000000e+00 9.881518171532347134e-19
4.094020999999999771e-02 0.000000000000000000e+00 0.000000000000000000e+00 3.941645949026518282e-06 0.000000000000000000e+00 1.384361891599515825e-17
4.189382999999999996e-02 0.000000000000000000e+00 0.000000000000000000e+00 3.775278319225893421e-06 0.000000000000000000e+00 1.607799600588514185e-16
4.286965999999999694e-02 0.000000000000000000e+00 0.000000000000000000e+00 3.615224523330069938e-06 0.000000000000000000e+00 1.568607665819926533e-15
4.386821999999999944e-02 0.000000000000000000e+00 0.000000000000000000e+00 4.023741106862872403e-06 0.000000000000000000e+00 1.301341403508192108e-14
4.489003999999999911e-02 0.000000000000000000e+00 0.000000000000000000e+00 4.242062790107338052e-06 0.000000000000000000e+00 9.278557400025152986e-14
4.593566999999999789e-02 0.000000000000000000e+00 0.000000000000000000e+00 3.935244799799919721e-06 0.000000000000000000e+00 5.738970743181427991e-13
4.700564000000000131e-02 0.000000000000000000e+00 0.000000000000000000e+00 4.012371484343927787e-06 0.000000000000000000e+00 3.115426492341930974e-12
4.810054999999999886e-02 0.000000000000000000e+00 0.000000000000000000e+00 4.299566314854985610e-06 0.000000000000000000e+00 1.498175059902308879e-11
4.922094999999999942e-02 0.000000000000000000e+00 0.000000000000000000e+00 4.121146632524474316e-06 0.000000000000000000e+00 6.436687557850214372e-11
5.036746000000000278e-02 0.000000000000000000e+00 0.000000000000000000e+00 4.605990096345348141e-06 0.000000000000000000e+00 2.488757581428483708e-10
5.154066000000000203e-02 0.000000000000000000e+00 0.000000000000000000e+00 6.652900725669996555e-06 0.000000000000000000e+00 8.714278271556286315e-10
5.274120000000000197e-02 0.000000000000000000e+00 0.000000000000000000e+00 6.237306659280171495e-06 0.000000000000000000e+00 2.786162306479356746e-09
5.396970000000000239e-02 0.000000000000000000e+00 0.000000000000000000e+00 5.309570286012830805e-06 0.000000000000000000e+00 8.186059146978695822e-09
5.522682000000000285e-02 0.000000000000000000e+00 0.000000000000000000e+00 5.581150549844020161e-06 0.000000000000000000e+00 2.223043927455860503e-08
5.651322000000000290e-02 0.000000000000000000e+00 0.000000000000000000e+00 7.092214440517260485e-06 0.000000000000000000e+00 5.607278859091044049e-08
5.782957999999999849e-02 0.000000000000000000e+00 0.000000000000000000e+00 7.383314644086405270e-06 0.000000000000000000e+00 1.319157307265710199e-07
5.917660000000000281e-02 0.000000000000000000e+00 0.000000000000000000e+00 7.133204330251844058e-06 0.000000000000000000e+00 2.911973995825130827e-07
6.055499999999999772e-02 0.000000000000000000e+00 0.000000000000000000e+00 6.310680815657883672e-06 0.000000000000000000e+00 6.058412901996433875e-07
6.196551000000000142e-02 0.000000000000000000e+00 0.000000000000000000e+00 7.499675438948363083e-06 0.000000000000000000e+00 1.192839072197318550e-06
6.340887000000000606e-02 0.000000000000000000e+00 0.000000000000000000e+00 7.787434167847671749e-06 0.000000000000000000e+00 2.230190198684988839e-06
6.488584999999999492e-02 0.000000000000000000e+00 0.000000000000000000e+00 7.837979836708541662e-06 0.000000000000000000e+00 3.970555984765488388e-06
6.639723999999999626e-02 0.000000000000000000e+00 0.000000000000000000e+00 7.909745343577960754e-06 0.000000000000000000e+00 6.760723855389627691e-06
6.794382999999999673e-02 0.000000000000000000e+00 0.000000000000000000e+00 7.979892187584635866e-06 0.000000000000000000e+00 1.104426305104181482e-05
6.952643999999999491e-02 6.861973521223324547e-302 0.000000000000000000e+00 7.933944774399129089e-06 0.000000000000000000e+00 1.735916240522537732e-05
7.114592000000000138e-02 6.109487615966043835e-283 0.000000000000000000e+00 7.989957990583856443e-06 0.000000000000000000e+00 2.631182156152343839e-05
7.280311999999999895e-02 2.386398737844905364e-265 0.000000000000000000e+00 8.922245149114202994e-06 0.000000000000000000e+00 3.853000026861690098e-05
7.449893000000000487e-02 5.122289150339735597e-249 0.000000000000000000e+00 8.713355550538722473e-06 0.000000000000000000e+00 5.468165374149046011e-05
7.623423000000000005e-02 7.442931407777599023e-234 0.000000000000000000e+00 8.174030614741539536e-06 0.000000000000000000e+00 7.537543401142096167e-05
7.800994999999999457e-02 8.886240182120940660e-220 0.000000000000000000e+00 8.301760463689072437e-06 0.000000000000000000e+00 1.011133314935018707e-04
7.982704000000000188e-02 1.043427259586854216e-206 0.000000000000000000e+00 8.553980047620493888e-06 0.000000000000000000e+00 1.322079794869394085e-04
8.168644999999999379e-02 1.423779154271055331e-194 0.000000000000000000e+00 8.733079310005583632e-06 0.000000000000000000e+00 1.687069531182636692e-04
8.358917000000000430e-02 2.639188907355917132e-183 0.000000000000000000e+00 7.778933757242307881e-06 0.000000000000000000e+00 2.105901198220345386e-04
8.553621000000000141e-02 7.678766982581950487e-173 0.000000000000000000e+00 8.566666569436568227e-06 0.000000000000000000e+00 2.575485047226455356e-04
8.752861000000000669e-02 4.010388702497252111e-163 0.000000000000000000e+00 8.765754384536609468e-06 0.000000000000000000e+00 3.090541517612708806e-04
8.956741000000000008e-02 4.257913601385105604e-154 0.000000000000000000e+00 8.731870030011407112e-06 0.000000000000000000e+00 3.643113757431736379e-04
9.165370000000000461e-02 8.875690295526280968e-144 0.000000000000000000e+00 1.189239109187946800e-03 0.000000000000000000e+00 3.633639022955201248e-02
9.378859000000000501e-02 5.463532390369057434e-136 0.000000000000000000e+00 3.707136726421287904e-03 0.000000000000000000e+00 4.147216538017804710e-02
9.597321000000000324e-02 9.480739137334776078e-129 0.000000000000000000e+00 5.512693472909424228e-03 0.000000000000000000e+00 4.684885370496483237e-02
9.820871000000000461e-02 5.084625240351366051e-122 0.000000000000000000e+00 3.847467900885024380e-03 0.000000000000000000e+00 5.240160603149531665e-02
1.004962999999999967e-01 9.177145004454408432e-116 0.000000000000000000e+00 5.940502324538077250e-03 0.000000000000000000e+00 5.804466942461542628e-02
1.028371000000000007e-01 6.463975893508715003e-110 0.000000000000000000e+00 5.349736394529925991e-03 0.000000000000000000e+00 6.823512810134779727e-02
1.052325000000000066e-01 1.678188747027094247e-104 0.000000000000000000e+00 7.920384828262629420e-03 0.000000000000000000e+00 7.473157494618216934e-02
1.076836999999999933e-01 1.829866229871192415e-99 0.000000000000000000e+00 7.066170880303559304e-03 0.000000000000000000e+00 8.118126023786376155e-02
1.101919999999999983e-01 8.924929197300459616e-95 0.000000000000000000e+00 7.595886783373770844e-03 0.000000000000000000e+00 8.747566068439859011e-02
1.127587000000000034e-01 2.042679818292224216e-90 0.000000000000000000e+00 7.268812911815678013e-03 0.000000000000000000e+00 9.252197252040077202e-02
1.153851999999999933e-01 2.431989596087040355e-86 0.000000000000000000e+00 7.599569728964997335e-03 0.000000000000000000e+00 1.008734808192456867e-01
1.180728000000000055e-01 1.601640363173803506e-82 0.000000000000000000e+00 6.436736783542880078e-03 0.000000000000000000e+00 1.146494539027859139e-01
1.208231000000000027e-01 5.521412594052345581e-79 0.000000000000000000e+00 4.666775015580132413e-03 0.000000000000000000e+00 1.227106647216466284e-01
1.236373999999999945e-01 1.173960750171443689e-75 0.000000000000000000e+00 8.536518487298028202e-03 0.000000000000000000e+00 1.395871989819144343e-01
1.265172999999999992e-01 1.304712658488510540e-72 0.000000000000000000e+00 9.450115424158479424e-03 0.000000000000000000e+00 1.374323527351557495e-01
1.294643000000000044e-01 9.491670339060819518e-70 0.000000000000000000e+00 9.671139380460254051e-03 0.000000000000000000e+00 1.413511696472098955e-01
1.324799000000000115e-01 4.504145914996002833e-67 0.000000000000000000e+00 1.028567761347020521e-02 0.000000000000000000e+00 1.462628982358783192e-01
1.355657999999999863e-01 1.425201792413477638e-64 0.000000000000000000e+00 1.046909268955890059e-02 0.000000000000000000e+00 1.508168622890986021e-01
1.387234999999999996e-01 3.096111564690557857e-62 0.000000000000000000e+00 9.520694223936587708e-03 0.000000000000000000e+00 1.549824028965455236e-01
1.419547999999999921e-01 4.749061370600916196e-60 0.000000000000000000e+00 9.641356640396000349e-03 0.000000000000000000e+00 1.589064743746789188e-01
1.452613000000000099e-01 5.343390054932536829e-58 0.000000000000000000e+00 1.030532366242960067e-02 0.000000000000000000e+00 1.647595586754530272e-01
1.486448999999999965e-01 4.709171560528102534e-56 0.000000000000000000e+00 1.006428674555048114e-02 0.000000000000000000e+00 1.803150805267849655e-01
1.521073000000000008e-01 3.181660760427930427e-54 0.000000000000000000e+00 9.036612280842662784e-03 0.000000000000000000e+00 1.996583602750492681e-01
1.556502999999999914e-01 1.479957115516528057e-52 0.000000000000000000e+00 8.462255006209683933e-03 0.000000000000000000e+00 1.970750812850311506e-01
1.592758999999999980e-01 5.034852229128246253e-51 0.000000000000000000e+00 9.792186657144260481e-03 0.000000000000000000e+00 1.810353283836238780e-01
1.629858999999999891e-01 1.442457091683304894e-49 0.000000000000000000e+00 1.002657868540163776e-02 0.000000000000000000e+00 1.754097002217968881e-01
1.667822999999999944e-01 3.464770795618799788e-48 0.000000000000000000e+00 1.051874718493520967e-02 0.000000000000000000e+00 1.759406067615628677e-01
1.706671999999999911e-01 6.869044003910265660e-47 0.000000000000000000e+00 1.047838994156329376e-02 0.000000000000000000e+00 1.767022754103987625e-01
1.746425000000000061e-01 1.217486884017184757e-45 0.000000000000000000e+00 1.074511845109578194e-02 0.000000000000000000e+00 1.772236683994832251e-01
1.787104999999999944e-01 1.979686170673478021e-44 0.000000000000000000e+00 1.121248468136023385e-02 0.000000000000000000e+00 1.774288808917370841e-01
1.828732000000000135e-01 2.953108112495127084e-43 0.000000000000000000e+00 1.227650269116912878e-02 0.000000000000000000e+00 1.772912114436032138e-01
1.871327999999999880e-01 4.047158776863819868e-42 0.000000000000000000e+00 1.304417038992997102e-02 0.000000000000000000e+00 1.768768865604599394e-01
1.914916999999999869e-01 5.113968198509109757e-41 0.000000000000000000e+00 1.377844832920200116e-02 0.000000000000000000e+00 1.762838981703795938e-01
1.959520999999999902e-01 5.993494728688030760e-40 0.000000000000000000e+00 1.441928745998672171e-02 0.000000000000000000e+00 1.754619605044271669e-01
2.005164999999999864e-01 6.586981884591986334e-39 0.000000000000000000e+00 1.506655996015530095e-02 0.000000000000000000e+00 1.744397279470384643e-01
2.051871000000000111e-01 6.907842617100902520e-38 0.000000000000000000e+00 1.567188440664731355e-02 0.000000000000000000e+00 1.734177138785401306e-01
2.099665000000000004e-01 7.063674040241171488e-37 0.000000000000000000e+00 1.629600841279771339e-02 0.000000000000000000e+00 1.725199805206436843e-01
2.148573000000000011e-01 7.203932984829434002e-36 0.000000000000000000e+00 1.698720909020245973e-02 0.000000000000000000e+00 1.718629066416392515e-01
2.198618999999999990e-01 7.464763479318290600e-35 0.000000000000000000e+00 1.772144063485735221e-02 0.000000000000000000e+00 1.717127251816906452e-01
2.249831999999999943e-01 7.915073184951337954e-34 0.000000000000000000e+00 1.860414656811801640e-02 0.000000000000000000e+00 1.722140146585356690e-01
2.302237000000000033e-01 8.529607044307411979e-33 0.000000000000000000e+00 1.953165897262963344e-02 0.000000000000000000e+00 1.733217043237244293e-01
2.355862999999999985e-01 9.185033483349066421e-32 0.000000000000000000e+00 2.050158957612705293e-02 0.000000000000000000e+00 1.749108085654408340e-01
2.410738000000000048e-01 9.681690001827340687e-31 0.000000000000000000e+00 2.150406001768718003e-02 0.000000000000000000e+00 1.768218645766569119e-01
2.466890999999999945e-01 9.806675121885069965e-30 0.000000000000000000e+00 2.258629087111175757e-02 0.000000000000000000e+00 1.789044688309987252e-01
2.524352999999999736e-01 9.425221123347449923e-29 0.000000000000000000e+00 2.367973536945413085e-02 0.000000000000000000e+00 1.811449206395540357e-01
2.583152000000000226e-01 8.558484119776904967e-28 0.000000000000000000e+00 2.477347277685692725e-02 0.000000000000000000e+00 1.840820790742704605e-01
2.643322000000000171e-01 7.593031077976794432e-27 0.000000000000000000e+00 2.580351978914932620e-02 0.000000000000000000e+00 1.947167339760044191e-01
2.704892999999999881e-01 6.969924235976714131e-26 0.000000000000000000e+00 2.676366068311968396e-02 0.000000000000000000e+00 2.270219813604099079e-01
2.767897999999999747e-01 5.711714237642955332e-25 0.000000000000000000e+00 2.769076413493631178e-02 0.000000000000000000e+00 2.512961027155359295e-01
2.832370000000000165e-01 3.624980353540988113e-24 0.000000000000000000e+00 2.864717749517613904e-02 0.000000000000000000e+00 2.285175536294866416e-01
2.898344999999999949e-01 2.061304057233058644e-23 0.000000000000000000e+00 2.965330684748657825e-02 0.000000000000000000e+00 1.969357618889240047e-01
2.965856000000000048e-01 1.228489453201128414e-22 0.000000000000000000e+00 3.085951788241964380e-02 0.000000000000000000e+00 1.876107387205358523e-01
3.034938999999999831e-01 7.210998289656616044e-22 0.000000000000000000e+00 3.222211224268707597e-02 0.000000000000000000e+00 1.851609860430975529e-01
3.105631999999999837e-01 4.030796249648603017e-21 0.000000000000000000e+00 3.390709222607631024e-02 0.000000000000000000e+00 1.825999634050989584e-01
3.177972000000000019e-01 2.145326629657535219e-20 0.000000000000000000e+00 3.601935097365707716e-02 0.000000000000000000e+00 1.795028859150405165e-01
3.251995999999999776e-01 1.090273756297839832e-19 0.000000000000000000e+00 3.873691520128891286e-02 0.000000000000000000e+00 1.760413359812152689e-01
3.327744999999999731e-01 3.916460997581864560e-19 0.000000000000000000e+00 4.215657137811022748e-02 0.000000000000000000e+00 1.717690015011945071e-01
3.405257999999999896e-01 7.922210872304347500e-19 0.000000000000000000e+00 4.635737061952533572e-02 0.000000000000000000e+00 1.663493217444398375e-01
3.484576999999999813e-01 1.408475253937856517e-18 0.000000000000000000e+00 5.117509965351517420e-02 0.000000000000000000e+00 1.607215045738680792e-01
3.565743000000000107e-01 2.320911730003379226e-18 0.000000000000000000e+00 5.483480242579069630e-02 0.000000000000000000e+00 1.549478392433985829e-01
3.648799999999999821e-01 3.737623944374946878e-18 0.000000000000000000e+00 5.714466626980561903e-02 0.000000000000000000e+00 1.491718744317055978e-01
3.733791000000000193e-01 6.150371268138055199e-18 0.000000000000000000e+00 6.738614383259128315e-02 0.000000000000000000e+00 1.434911254950507475e-01
3.820761999999999770e-01 1.068169518046515635e-17 0.000000000000000000e+00 7.166269687999327065e-02 0.000000000000000000e+00 1.379317041205144756e-01
3.909758999999999873e-01 1.998266176659716100e-17 0.000000000000000000e+00 7.885801154547664171e-02 0.000000000000000000e+00 1.325738855218334400e-01
4.000829000000000191e-01 4.061491184087382067e-17 0.000000000000000000e+00 9.076876054202324962e-02 0.000000000000000000e+00 1.274593602688243454e-01
4.094020999999999910e-01 8.960265510422276870e-17 0.000000000000000000e+00 9.713382633656401921e-02 0.000000000000000000e+00 1.226347017622145125e-01
4.189382999999999857e-01 2.127665398944967672e-16 0.000000000000000000e+00 1.035141544973186278e-01 0.000000000000000000e+00 1.181341126923346613e-01
4.286965999999999832e-01 5.363530018710042029e-16 0.000000000000000000e+00 1.037370039079515416e-01 0.000000000000000000e+00 1.139578875824031196e-01
4.386822000000000221e-01 1.411747455847907912e-15 0.000000000000000000e+00 1.099843016193927381e-01 0.000000000000000000e+00 1.101206988080086074e-01
4.489003999999999772e-01 3.839496276682496788e-15 0.000000000000000000e+00 1.214707070384633963e-01 0.000000000000000000e+00 1.074062136926042244e-01
4.593567000000000067e-01 1.134546154492995160e-14 0.000000000000000000e+00 1.255228406928055596e-01 0.000000000000000000e+00 1.131582217849458061e-01
4.700563999999999854e-01 3.874493352017143763e-14 0.000000000000000000e+00 1.286391674300809973e-01 0.000000000000000000e+00 1.391877630902768337e-01
4.810054999999999747e-01 1.168575632779870197e-13 0.000000000000000000e+00 1.310673127023404827e-01 0.000000000000000000e+00 1.548385003007174965e-01
4.922095000000000220e-01 2.554546870220299266e-13 0.000000000000000000e+00 1.323882998268437194e-01 0.000000000000000000e+00 1.292173119293602568e-01
5.036745999999999723e-01 4.982444243253269105e-13 0.000000000000000000e+00 1.354589653732078403e-01 0.000000000000000000e+00 1.003349131192687732e-01
5.154066000000000480e-01 1.097162437760215890e-12 0.000000000000000000e+00 1.353942490825481848e-01 0.000000000000000000e+00 9.213046967034768664e-02
5.274119999999999919e-01 2.452227784878731562e-12 0.000000000000000000e+00 1.376060154638481248e-01 0.000000000000000000e+00 9.006279690514190639e-02
5.396969999999999823e-01 5.258299023702732164e-12 0.000000000000000000e+00 1.484830212906542157e-01 0.000000000000000000e+00 8.848359660373611435e-02
5.522681999999999869e-01 1.081765885200421532e-11 0.000000000000000000e+00 1.551361555157948491e-01 0.000000000000000000e+00 8.706246917897385307e-02
5.651321999999999734e-01 2.146663579363945718e-11 0.000000000000000000e+00 1.584332884302417921e-01 0.000000000000000000e+00 8.579681390732549207e-02
5.782958000000000265e-01 4.136372774574762745e-11 0.000000000000000000e+00 1.599473738738987905e-01 0.000000000000000000e+00 8.467871862051998266e-02
5.917660000000000142e-01 7.796955081370368388e-11 0.000000000000000000e+00 1.626928269283297035e-01 0.000000000000000000e+00 8.369768261755802796e-02
6.055500000000000327e-01 1.461645529860235950e-10 0.000000000000000000e+00 1.670501961097608512e-01 0.000000000000000000e+00 8.356883681168841838e-02
6.196551000000000142e-01 2.990388053128810510e-10 0.000000000000000000e+00 1.719675344420130703e-01 0.000000000000000000e+00 9.178139890760227126e-02
6.340886999999999496e-01 7.396360389945994790e-10 0.000000000000000000e+00 1.765181420080921271e-01 0.000000000000000000e+00 1.219332080854819700e-01
6.488585000000000047e-01 1.617351902130527320e-09 0.000000000000000000e+00 1.806254569229014117e-01 0.000000000000000000e+00 1.423769750297696202e-01
6.639724000000000181e-01 2.506276067193086071e-09 0.000000000000000000e+00 1.841873366777950494e-01 0.000000000000000000e+00 1.165041569308851305e-01
6.794383000000000505e-01 3.504539376846795887e-09 0.000000000000000000e+00 1.871485715977616870e-01 0.000000000000000000e+00 8.473253632950658587e-02
6.952644000000000046e-01 6.119996808831379101e-09 0.000000000000000000e+00 1.895651461481206446e-01 0.000000000000000000e+00 7.562421357219260842e-02
7.114591999999999583e-01 1.185191409277337787e-08 0.000000000000000000e+00 1.917515018575143282e-01 0.000000000000000000e+00 7.349407550620151719e-02
7.280311999999999895e-01 2.347749870797989826e-08 0.000000000000000000e+00 1.938303234870574210e-01 0.000000000000000000e+00 7.180796551585463816e-02
7.449892999999999654e-01 4.722437191140384708e-08 0.000000000000000000e+00 1.958023166759479128e-01 0.000000000000000000e+00 7.021946600314302178e-02
7.623423000000000282e-01 9.611275170491989529e-08 0.000000000000000000e+00 1.978431451878057412e-01 0.000000000000000000e+00 6.879128214906365946e-02
7.800994999999999457e-01 1.968420004332952672e-07 0.000000000000000000e+00 2.000456689649846020e-01 0.000000000000000000e+00 6.756833690502427048e-02
7.982704000000000466e-01 4.025844025660357254e-07 0.000000000000000000e+00 2.023842902202773464e-01 0.000000000000000000e+00 6.655765149583812990e-02
8.168644999999999934e-01 8.145675394395248543e-07 0.000000000000000000e+00 2.050621856097048223e-01 0.000000000000000000e+00 6.575347270903884878e-02
8.358917000000000153e-01 1.612788537083320796e-06 0.000000000000000000e+00 2.082329347921338947e-01 0.000000000000000000e+00 6.514069925482508794e-02
8.553621000000000141e-01 3.086450017740081765e-06 0.000000000000000000e+00 2.114532809974629668e-01 0.000000000000000000e+00 6.469786373059370488e-02
8.752860999999999558e-01 5.634058233504233190e-06 0.000000000000000000e+00 2.149211070650206834e-01 0.000000000000000000e+00 6.441572257346452057e-02
8.956741000000000286e-01 9.671262960729689606e-06 0.000000000000000000e+00 2.185812191528537507e-01 0.000000000000000000e+00 6.428196736752279927e-02
9.165370000000000461e-01 1.572396742969429516e-05 0.000000000000000000e+00 2.223091682297910487e-01 0.000000000000000000e+00 6.428113900404711090e-02
9.378859000000000501e-01 2.504620026625297647e-05 0.000000000000000000e+00 2.261766363229385235e-01 0.000000000000000000e+00 6.442924124462540147e-02
9.597320999999999769e-01 3.931619953659462537e-05 0.000000000000000000e+00 2.301049952069217919e-01 0.000000000000000000e+00 6.472230384763613675e-02
9.820870999999999906e-01 6.083742559514161485e-05 0.000000000000000000e+00 2.341633233051723384e-01 0.000000000000000000e+00 6.514027874848525579e-02
1.004963000000000051e+00 9.281486444596086759e-05 0.000000000000000000e+00 2.368849199409614747e-01 0.000000000000000000e+00 6.565850493879311911e-02
1.028370999999999924e+00 1.396459499099737139e-04 0.000000000000000000e+00 2.366213026671341590e-01 0.000000000000000000e+00 6.625938218214587339e-02
1.052324999999999955e+00 2.073366796910381478e-04 0.000000000000000000e+00 2.362185941452785709e-01 0.000000000000000000e+00 6.695041381215136034e-02
1.076837000000000044e+00 3.038998268241811687e-04 0.000000000000000000e+00 2.339632032733425793e-01 0.000000000000000000e+00 6.772491104275729645e-02
1.101920000000000011e+00 4.398664845025531691e-04 0.000000000000000000e+00 2.309123042910639079e-01 0.000000000000000000e+00 6.857110267581949248e-02
1.127586999999999895e+00 6.290885858374845128e-04 0.000000000000000000e+00 2.308438160750382606e-01 0.000000000000000000e+00 6.949961988455427564e-02
1.153852000000000100e+00 8.897889955059188824e-04 0.000000000000000000e+00 2.310473652984297577e-01 0.000000000000000000e+00 7.054245327360303408e-02
1.180728000000000000e+00 1.245725770416392184e-03 0.000000000000000000e+00 2.308029624525013701e-01 0.000000000000000000e+00 7.173372029649191517e-02
1.208231000000000055e+00 1.727071568649861085e-03 0.000000000000000000e+00 2.309239538151115767e-01 0.000000000000000000e+00 7.308062103315844660e-02
1.236374000000000084e+00 2.372088263983353033e-03 0.000000000000000000e+00 2.313546320733342321e-01 0.000000000000000000e+00 7.459048362625157746e-02
1.265173000000000103e+00 3.228686868775531259e-03 0.000000000000000000e+00 2.297829688131847181e-01 0.000000000000000000e+00 7.626612176407658594e-02
1.294642999999999988e+00 4.356344477060968695e-03 0.000000000000000000e+00 2.279668290879470205e-01 0.000000000000000000e+00 7.810931096495002390e-02
1.324799000000000060e+00 5.829066025029761185e-03 0.000000000000000000e+00 2.268007632655814065e-01 0.000000000000000000e+00 8.013303050845549391e-02
1.355658000000000030e+00 7.739356376085726116e-03 0.000000000000000000e+00 2.238357741475855145e-01 0.000000000000000000e+00 8.236600696370990904e-02
1.387234999999999996e+00 1.020009190645096084e-02 0.000000000000000000e+00 2.228532291778868857e-01 0.000000000000000000e+00 8.482494796058259734e-02
1.419548000000000032e+00 1.334717922713704076e-02 0.000000000000000000e+00 2.197119718696740887e-01 0.000000000000000000e+00 8.751528215934288590e-02
1.452612999999999932e+00 1.734470947630537691e-02 0.000000000000000000e+00 2.203292887672311240e-01 0.000000000000000000e+00 9.044675336597583770e-02
1.486448999999999909e+00 2.238809193124050023e-02 0.000000000000000000e+00 2.216646111986305401e-01 0.000000000000000000e+00 9.362558081478662697e-02
1.521072999999999897e+00 2.870472585786741637e-02 0.000000000000000000e+00 2.270669038559560149e-01 0.000000000000000000e+00 9.704441383347588157e-02
1.556502999999999970e+00 3.656490233431135967e-02 0.000000000000000000e+00 2.309696445101105389e-01 0.000000000000000000e+00 1.007122983930352628e-01
1.592759000000000036e+00 4.627960042594336798e-02 0.000000000000000000e+00 2.310672648393597983e-01 0.000000000000000000e+00 1.046279157075995503e-01
1.629858999999999947e+00 5.819514547811935334e-02 0.000000000000000000e+00 2.335448371557997393e-01 0.000000000000000000e+00 1.087691344957639333e-01
1.667823000000000055e+00 7.268260451764413377e-02 0.000000000000000000e+00 2.310168623838122215e-01 0.000000000000000000e+00 1.130883352189531177e-01
1.706671999999999967e+00 9.015601823657978797e-02 0.000000000000000000e+00 2.244807467071412710e-01 0.000000000000000000e+00 1.175569986859977129e-01
1.746424999999999894e+00 1.110705378519107750e-01 0.000000000000000000e+00 2.147079680329309348e-01 0.000000000000000000e+00 1.221551088057951789e-01
1.787104999999999944e+00 1.358917549095842447e-01 0.000000000000000000e+00 2.058763084633756790e-01 0.000000000000000000e+00 1.268398694619461697e-01
1.828732000000000024e+00 1.650614223646267309e-01 0.000000000000000000e+00 1.956898715230687147e-01 0.000000000000000000e+00 1.315379827817076130e-01
1.871328000000000102e+00 1.990296235473202058e-01 0.000000000000000000e+00 1.860634912145198994e-01 0.000000000000000000e+00 1.361961590262620314e-01
1.914916999999999980e+00 2.382569405912876304e-01 0.000000000000000000e+00 1.779213214735479720e-01 0.000000000000000000e+00 1.407803173999851443e-01
1.959521000000000068e+00 2.831430277652441374e-01 0.000000000000000000e+00 1.687334948182005467e-01 0.000000000000000000e+00 1.452350925347455080e-01
2.005164999999999864e+00 3.341840961366236429e-01 0.000000000000000000e+00 1.614095475390456558e-01 0.000000000000000000e+00 1.495741095831994716e-01
2.051870999999999778e+00 3.919461131042080715e-01 0.000000000000000000e+00 1.538040851265269071e-01 0.000000000000000000e+00 1.538353849963583209e-01
2.099664999999999893e+00 4.570718047438157572e-01 0.000000000000000000e+00 1.471473156216727696e-01 0.000000000000000000e+00 1.580699890325919510e-01
2.148572999999999844e+00 5.301129872984441382e-01 0.000000000000000000e+00 1.410575998485645299e-01 0.000000000000000000e+00 1.622814488910026276e-01
2.198618999999999879e+00 6.115312774741789026e-01 0.000000000000000000e+00 1.345697088253506035e-01 0.000000000000000000e+00 1.664493412834499031e-01
2.249832000000000054e+00 7.016599560723281170e-01 0.000000000000000000e+00 1.289652740612768633e-01 0.000000000000000000e+00 1.705337949607658166e-01
2.302236999999999867e+00 8.005929134387358426e-01 0.000000000000000000e+00 1.155438073270477900e-01 0.000000000000000000e+00 1.744639309515186032e-01
2.355862999999999818e+00 9.089745554165242769e-01 0.000000000000000000e+00 1.028892248972490958e-01 0.000000000000000000e+00 1.783119456810700887e-01
2.410737999999999825e+00 1.027030302937089079e+00 0.000000000000000000e+00 9.594670357900621227e-02 0.000000000000000000e+00 1.820575353552705000e-01
2.466890999999999945e+00 1.154452280274253617e+00 0.000000000000000000e+00 9.064897303689238572e-02 0.000000000000000000e+00 1.856091932668027522e-01
2.524353000000000069e+00 1.291098078188324338e+00 0.000000000000000000e+00 8.489995522902560321e-02 0.000000000000000000e+00 1.889400192709566606e-01
2.583152000000000115e+00 1.436851663736706364e+00 0.000000000000000000e+00 8.539565655574836434e-02 0.000000000000000000e+00 1.920458151048178019e-01
2.643321999999999949e+00 1.591676314194729214e+00 0.000000000000000000e+00 8.363006521887809963e-02 0.000000000000000000e+00 1.949434787521990009e-01
2.704893000000000214e+00 1.755478630245152827e+00 0.000000000000000000e+00 8.111158992452795202e-02 0.000000000000000000e+00 1.976474696164516875e-01
2.767898000000000192e+00 1.928692332586337432e+00 0.000000000000000000e+00 7.885768411713592330e-02 0.000000000000000000e+00 2.002307982937495956e-01
2.832370000000000054e+00 2.111625112126239046e+00 0.000000000000000000e+00 7.612933078901473749e-02 0.000000000000000000e+00 2.027397921651372115e-01
2.898344999999999949e+00 2.304723869856067253e+00 0.000000000000000000e+00 7.438942016295890802e-02 0.000000000000000000e+00 2.052252134634117153e-01
2.965856000000000048e+00 2.509305645620029779e+00 0.000000000000000000e+00 7.178874029597630269e-02 0.000000000000000000e+00 2.077999514532958003e-01
3.034939000000000053e+00 2.725969789763440509e+00 0.000000000000000000e+00 6.920609936245569749e-02 0.000000000000000000e+00 2.104941738244464622e-01
3.105631999999999948e+00 2.954113951052907083e+00 0.000000000000000000e+00 6.658279258661008171e-02 0.000000000000000000e+00 2.132449734999539992e-01
3.177972000000000019e+00 3.193028926593093342e+00 0.000000000000000000e+00 6.476422900392263260e-02 0.000000000000000000e+00 2.159991581358346735e-01
3.251996000000000109e+00 3.442594027324554329e+00 0.000000000000000000e+00 7.267984461676214869e-02 0.000000000000000000e+00 2.187555234552368555e-01
3.327745000000000175e+00 3.700463065323884138e+00 0.000000000000000000e+00 8.609520936181046247e-02 0.000000000000000000e+00 2.213820037703555788e-01
3.405257999999999896e+00 3.964248515444164678e+00 0.000000000000000000e+00 6.962235999807067643e-02 0.000000000000000000e+00 2.237758191192234236e-01
3.484576999999999813e+00 4.231026282580101494e+00 0.000000000000000000e+00 6.334947579420716068e-02 0.000000000000000000e+00 2.258303907123679899e-01
3.565742999999999885e+00 4.499036338909767174e+00 0.000000000000000000e+00 5.435385235778021629e-02 0.000000000000000000e+00 2.275230803115017575e-01
3.648800000000000043e+00 4.767110230482495936e+00 0.000000000000000000e+00 5.077008057677495634e-02 0.000000000000000000e+00 2.288669899892897819e-01
3.733791000000000082e+00 5.034163661955026292e+00 0.000000000000000000e+00 4.831646553928523741e-02 0.000000000000000000e+00 2.298788300592661260e-01
3.820762000000000214e+00 5.300204065748337356e+00 0.000000000000000000e+00 4.612630235176342491e-02 0.000000000000000000e+00 2.306214496560247684e-01
3.909759000000000206e+00 5.566347889435224516e+00 0.000000000000000000e+00 4.397629882074807067e-02 0.000000000000000000e+00 2.311936341054620092e-01
4.000829000000000413e+00 5.834440605975466987e+00 0.000000000000000000e+00 4.158681002605459781e-02 0.000000000000000000e+00 2.317065772940676560e-01
4.094020999999999688e+00 6.108401488678145697e+00 0.000000000000000000e+00 3.951357665610666370e-02 0.000000000000000000e+00 2.323318571433518331e-01
4.189383000000000301e+00 6.392662522634597444e+00 0.000000000000000000e+00 3.798310901820945579e-02 0.000000000000000000e+00 2.332317518091945041e-01
4.286965999999999610e+00 6.690604539641169524e+00 0.000000000000000000e+00 3.604313458059215519e-02 0.000000000000000000e+00 2.345059010791477050e-01
4.386822000000000443e+00 7.004787865186601792e+00 0.000000000000000000e+00 3.357366013022255319e-02 0.000000000000000000e+00 2.362108232947743580e-01
4.489004000000000438e+00 7.336889733407585545e+00 0.000000000000000000e+00 3.203713796560173771e-02 0.000000000000000000e+00 2.383658265645035579e-01
4.593567000000000178e+00 7.688444677135506389e+00 0.000000000000000000e+00 3.144308774325909467e-02 0.000000000000000000e+00 2.409829209233753100e-01
4.700563999999999965e+00 8.060169062688371966e+00 0.000000000000000000e+00 3.144333786426199706e-02 0.000000000000000000e+00 2.440477716094743843e-01
4.810055000000000192e+00 8.450661058674262094e+00 0.000000000000000000e+00 3.179282671612061739e-02 0.000000000000000000e+00 2.474861034382625224e-01
4.922094999999999665e+00 8.855328958731027100e+00 0.000000000000000000e+00 3.216794728723201824e-02 0.000000000000000000e+00 2.511428963768671530e-01
5.036745999999999945e+00 9.269812678658961858e+00 0.000000000000000000e+00 3.243323975002750797e-02 0.000000000000000000e+00 2.548887588127989323e-01
5.154066000000000258e+00 9.690882387182428559e+00 0.000000000000000000e+00 3.340902827354661625e-02 0.000000000000000000e+00 2.586399240157359891e-01
5.274119999999999919e+00 1.011233069897488690e+01 0.000000000000000000e+00 3.478871845931991169e-02 0.000000000000000000e+00 2.622450008184761261e-01
5.396969999999999601e+00 1.053028455445268996e+01 0.000000000000000000e+00 3.647785934245514200e-02 0.000000000000000000e+00 2.656279817072171312e-01
5.522681999999999647e+00 1.094217187689595683e+01 0.000000000000000000e+00 3.843523861162205513e-02 0.000000000000000000e+00 2.687525122582458126e-01
5.651322000000000401e+00 1.134492333069955450e+01 0.000000000000000000e+00 4.060404314133483905e-02 0.000000000000000000e+00 2.715735389878836115e-01
5.782957999999999821e+00 1.173577926756714440e+01 0.000000000000000000e+00 4.296523976199426165e-02 0.000000000000000000e+00 2.740570401972186043e-01
5.917659999999999698e+00 1.211408269035458041e+01 0.000000000000000000e+00 4.561629707762266533e-02 0.000000000000000000e+00 2.762194024434624362e-01
6.055500000000000327e+00 1.247994877779892242e+01 0.000000000000000000e+00 8.515908487422373108e-02 0.000000000000000000e+00 2.780918707190665473e-01
6.196551000000000364e+00 1.283253593691506467e+01 0.000000000000000000e+00 2.609434108200030522e-01 0.000000000000000000e+00 2.796812299637465582e-01
6.340887000000000384e+00 1.317081867311151377e+01 0.000000000000000000e+00 1.339662678363748305e-01 0.000000000000000000e+00 2.809889312574558873e-01
6.488584999999999603e+00 1.349411705839353104e+01 0.000000000000000000e+00 5.577165010261556782e-02 0.000000000000000000e+00 2.820226874799404149e-01
6.639724000000000181e+00 1.380018568191280615e+01 0.000000000000000000e+00 5.774019434258299832e-02 0.000000000000000000e+00 2.827566799335349268e-01
6.794382999999999839e+00 1.408544801611878761e+01 0.000000000000000000e+00 5.982286279800401452e-02 0.000000000000000000e+00 2.831394480413136905e-01
6.952644000000000268e+00 1.434736521099992501e+01 0.000000000000000000e+00 6.201849857703564672e-02 0.000000000000000000e+00 2.831428752762715773e-01
7.114592000000000027e+00 1.458793252367301463e+01 0.000000000000000000e+00 6.704887572735485080e-02 0.000000000000000000e+00 2.828277411091202342e-01
7.280312000000000339e+00 1.481108098521665184e+01 0.000000000000000000e+00 1.321911111770571745e-01 0.000000000000000000e+00 2.822865627415925838e-01
7.449893000000000320e+00 1.502016294324101153e+01 0.000000000000000000e+00 1.919163348487988308e-01 0.000000000000000000e+00 2.815940623621323580e-01
7.623422999999999838e+00 1.522319602686071605e+01 0.000000000000000000e+00 2.430506091424873560e-01 0.000000000000000000e+00 2.809056441505477508e-01
7.800995000000000346e+00 1.543289787528502366e+01 0.000000000000000000e+00 2.256169479099925379e-01 0.000000000000000000e+00 2.804521574327283884e-01
7.982704000000000022e+00 1.565608239985530581e+01 0.000000000000000000e+00 2.005904890919685546e-01 0.000000000000000000e+00 2.803450215951509006e-01
8.168644999999999712e+00 1.589579416174666271e+01 0.000000000000000000e+00 1.491676711766712626e-01 0.000000000000000000e+00 2.806230871874877408e-01
8.358916999999999931e+00 1.615620067280251249e+01 0.000000000000000000e+00 9.023036523478658588e-02 0.000000000000000000e+00 2.813431313659009447e-01
8.553620999999999697e+00 1.644276154836646597e+01 0.000000000000000000e+00 9.292928579927488275e-02 0.000000000000000000e+00 2.825817235468229272e-01
8.752860999999999336e+00 1.675561629242300654e+01 0.000000000000000000e+00 9.696489779584609170e-02 0.000000000000000000e+00 2.843219572699914877e-01
8.956740999999999175e+00 1.708976736013919862e+01 0.000000000000000000e+00 9.360529147812277073e-02 0.000000000000000000e+00 2.864624429587097620e-01
9.165369999999999351e+00 1.743593919360418099e+01 0.000000000000000000e+00 9.145007174475160150e-02 0.000000000000000000e+00 2.888364421688221495e-01
9.378859000000000279e+00 1.778152605355736782e+01 0.000000000000000000e+00 9.174935210679766029e-02 0.000000000000000000e+00 2.912307856741520040e-01
9.597321000000000879e+00 1.811144126555471345e+01 0.000000000000000000e+00 9.366878438181881761e-02 0.000000000000000000e+00 2.934016797129880838e-01
9.820871000000000350e+00 1.841560268413611112e+01 0.000000000000000000e+00 9.541878123792932320e-02 0.000000000000000000e+00 2.951957052671259629e-01
1.004963000000000051e+01 1.869044199807755291e+01 0.000000000000000000e+00 9.635268060870387508e-02 0.000000000000000000e+00 2.965685292090603498e-01
1.028370999999999924e+01 1.892936639110320129e+01 0.000000000000000000e+00 9.797628030196812998e-02 0.000000000000000000e+00 2.974293130129039286e-01
1.052325000000000088e+01 1.912972218574816097e+01 0.000000000000000000e+00 9.965210568014684633e-02 0.000000000000000000e+00 2.977511903033122076e-01
1.076837000000000089e+01 1.928932474824108567e+01 0.000000000000000000e+00 1.013674477168988036e-01 0.000000000000000000e+00 2.975146359506663507e-01
1.101919999999999966e+01 1.940796154875802770e+01 0.000000000000000000e+00 1.386010122414421397e-01 0.000000000000000000e+00 2.967300851646947901e-01
1.127586999999999939e+01 1.948176877633920867e+01 0.000000000000000000e+00 3.430618275613218637e-01 0.000000000000000000e+00 2.953514004725814601e-01
1.153852000000000011e+01 1.951728958466753383e+01 0.000000000000000000e+00 2.033432714674851538e-01 0.000000000000000000e+00 2.934896202677141908e-01
1.180728000000000044e+01 1.956050081260127627e+01 0.000000000000000000e+00 1.036033893772134312e-01 0.000000000000000000e+00 2.918398122612235746e-01
1.208230999999999966e+01 1.963876292585775118e+01 0.000000000000000000e+00 1.031763940704646110e-01 0.000000000000000000e+00 2.907997796871482632e-01
1.236373999999999995e+01 1.978381341562027274e+01 0.000000000000000000e+00 1.027361280849454911e-01 0.000000000000000000e+00 2.908204006195387881e-01
1.265173000000000059e+01 2.001049477915302433e+01 0.000000000000000000e+00 1.027002599327862115e-01 0.000000000000000000e+00 2.920941033829944633e-01
1.294642999999999944e+01 2.030606417088966964e+01 0.000000000000000000e+00 1.024609898487982285e-01 0.000000000000000000e+00 2.944094956720016976e-01
1.324798999999999971e+01 2.067458849580726366e+01 0.000000000000000000e+00 1.019777948365115511e-01 0.000000000000000000e+00 2.978043140294217572e-01
1.355658000000000030e+01 2.117823908304371727e+01 0.000000000000000000e+00 1.012155184490524384e-01 0.000000000000000000e+00 3.031482542565152039e-01
1.387235000000000085e+01 2.188984441285661831e+01 0.000000000000000000e+00 1.001593122039466238e-01 0.000000000000000000e+00 3.114428219631071304e-01
1.419547999999999988e+01 2.290962253919826708e+01 0.000000000000000000e+00 9.883320938852241389e-02 0.000000000000000000e+00 3.240557328605599974e-01
1.452613000000000021e+01 2.421444684800184532e+01 0.000000000000000000e+00 9.724855969270781997e-02 0.000000000000000000e+00 3.405921756584436855e-01
1.486448999999999998e+01 2.563752415363824966e+01 0.000000000000000000e+00 9.541779563961896860e-02 0.000000000000000000e+00 3.586603723257324461e-01
1.521072999999999986e+01 2.696619277751668875e+01 0.000000000000000000e+00 9.339235713511580272e-02 0.000000000000000000e+00 3.752837596387804675e-01
1.556503000000000014e+01 2.803936807475838222e+01 0.000000000000000000e+00 9.131747070946662215e-02 0.000000000000000000e+00 3.882609296265094323e-01
1.592759000000000036e+01 2.882790538257201263e+01 0.000000000000000000e+00 9.014470669174544371e-02 0.000000000000000000e+00 3.972495328745044296e-01
1.629859000000000080e+01 2.934720860260447850e+01 0.000000000000000000e+00 8.908195826183878951e-02 0.000000000000000000e+00 4.025210139623642824e-01
1.667822999999999922e+01 2.957518642009189236e+01 0.000000000000000000e+00 8.800550205735262199e-02 0.000000000000000000e+00 4.038262315082388754e-01
1.706672000000000011e+01 2.944856660993045239e+01 0.000000000000000000e+00 8.702972130619136826e-02 0.000000000000000000e+00 4.003571698080978236e-01
1.746424999999999983e+01 2.891289223161377464e+01 0.000000000000000000e+00 8.622035342549427828e-02 0.000000000000000000e+00 3.914352663834856916e-01
1.787105000000000032e+01 2.797325091120479001e+01 0.000000000000000000e+00 8.562713798874116433e-02 0.000000000000000000e+00 3.771919124338161122e-01
1.828732000000000113e+01 2.663181503760322499e+01 0.000000000000000000e+00 8.530443054470823738e-02 0.000000000000000000e+00 3.577131171406635612e-01
1.871328000000000102e+01 2.506002242941320901e+01 0.000000000000000000e+00 8.526226420105036119e-02 0.000000000000000000e+00 3.353447856341894573e-01
1.914917000000000158e+01 2.351191507940009018e+01 0.000000000000000000e+00 8.575027785824548832e-02 0.000000000000000000e+00 3.134968716165517089e-01
1.959521000000000157e+01 2.228396082972515657e+01 0.000000000000000000e+00 8.700148801725342274e-02 0.000000000000000000e+00 2.960940285100431835e-01
2.005164999999999864e+01 2.160748481254379882e+01 0.000000000000000000e+00 8.851095909970679854e-02 0.000000000000000000e+00 2.861464832799180402e-01
2.051870999999999867e+01 2.170401719832329945e+01 0.000000000000000000e+00 9.047621160778901439e-02 0.000000000000000000e+00 2.864996769114078745e-01
2.099664999999999893e+01 2.257545991076980840e+01 0.000000000000000000e+00 9.285537524799095110e-02 0.000000000000000000e+00 2.970786147992620641e-01
2.148573000000000022e+01 2.417244810952038492e+01 0.000000000000000000e+00 9.571045253149572385e-02 0.000000000000000000e+00 3.171431201250712317e-01
2.198619000000000057e+01 2.647134630176184444e+01 0.000000000000000000e+00 9.908348944839684425e-02 0.000000000000000000e+00 3.463042944137518786e-01
2.249831999999999965e+01 2.937206114192218820e+01 0.000000000000000000e+00 1.034235260812395862e-01 0.000000000000000000e+00 3.831854888974038365e-01
2.302236999999999867e+01 3.266242677943893113e+01 0.000000000000000000e+00 1.080124337552797464e-01 0.000000000000000000e+00 4.249714912123945254e-01
2.355863000000000085e+01 3.609716521406082279e+01 0.000000000000000000e+00 1.125835598963183526e-01 0.000000000000000000e+00 4.684502738382462228e-01
2.410737999999999914e+01 3.949302241830201154e+01 0.000000000000000000e+00 1.169761069638293183e-01 0.000000000000000000e+00 5.112468186803609260e-01
2.466891000000000034e+01 4.273150028442897508e+01 0.000000000000000000e+00 1.211478621708367981e-01 0.000000000000000000e+00 5.518455495855522086e-01
2.524352999999999980e+01 4.571196771330333775e+01 0.000000000000000000e+00 1.250589775302127782e-01 0.000000000000000000e+00 5.889743150883758327e-01
2.583152000000000115e+01 4.839304198097959642e+01 0.000000000000000000e+00 1.289853277797244069e-01 0.000000000000000000e+00 6.221325137443722841e-01
2.643321999999999861e+01 5.075444832311616494e+01 0.000000000000000000e+00 1.339403184208521613e-01 0.000000000000000000e+00 6.510926563143937251e-01
2.704892999999999859e+01 5.278622393178239491e+01 0.000000000000000000e+00 1.388176851206171514e-01 0.000000000000000000e+00 6.757590687746549696e-01
2.767897999999999925e+01 5.448419464966328007e+01 0.000000000000000000e+00 1.434698434347667639e-01 0.000000000000000000e+00 6.961087344406647892e-01
2.832369999999999877e+01 5.583292291394599260e+01 0.000000000000000000e+00 1.479278576776358045e-01 0.000000000000000000e+00 7.119731934608208856e-01
2.898345000000000127e+01 5.681986668339058610e+01 0.000000000000000000e+00 1.522292363201036003e-01 0.000000000000000000e+00 7.232201942609609580e-01
2.965856000000000137e+01 5.740194444107297045e+01 0.000000000000000000e+00 1.562347567224892653e-01 0.000000000000000000e+00 7.293285509836184843e-01
