3.034939000000000039e-02 0.000000000000000000e+00 1.678966402517590871e-04 0.000000000000000000e+00 0.000000000000000000e+00 1.675163085581037103e+00
3.105631999999999837e-02 0.000000000000000000e+00 1.741151402665375842e-04 0.000000000000000000e+00 0.000000000000000000e+00 1.666906595209820985e+00
3.177971999999999742e-02 0.000000000000000000e+00 1.797661754159199485e-04 0.000000000000000000e+00 0.000000000000000000e+00 1.657090750297014470e+00
3.251996000000000053e-02 0.000000000000000000e+00 1.859981689892869637e-04 0.000000000000000000e+00 0.000000000000000000e+00 1.642809531858550942e+00
3.327745000000000009e-02 0.000000000000000000e+00 1.914207382926125993e-04 0.000000000000000000e+00 0.000000000000000000e+00 1.628582323728347214e+00
3.405257999999999896e-02 0.000000000000000000e+00 1.962400450421197785e-04 0.000000000000000000e+00 0.000000000000000000e+00 1.614694792260768175e+00
3.484576999999999813e-02 0.000000000000000000e+00 2.016808682007789632e-04 0.000000000000000000e+00 0.000000000000000000e+00 1.601148629849253657e+00
3.565742999999999691e-02 0.000000000000000000e+00 2.108279942604134949e-04 0.000000000000000000e+00 0.000000000000000000e+00 1.586442500265935251e+00
3.648799999999999960e-02 0.000000000000000000e+00 2.232148020550063484e-04 0.000000000000000000e+00 0.000000000000000000e+00 1.568068279325586234e+00
3.733791000000000193e-02 0.000000000000000000e+00 2.291529210177531840e-04 0.000000000000000000e+00 0.000000000000000000e+00 1.549895292184073403e+00
3.820761999999999770e-02 0.000000000000000000e+00 2.294181302390277107e-04 0.000000000000000000e+00 0.000000000000000000e+00 1.532158220134703264e+00
3.909759000000000151e-02 0.000000000000000000e+00 2.379902565901317814e-04 0.000000000000000000e+00 0.000000000000000000e+00 1.514844456225744596e+00
4.000829000000000191e-02 0.000000000000000000e+00 2.503856025669818209e-04 0.000000000000000000e+00 0.000000000000000000e+00 1.496696601958886985e+00
4.094020999999999771e-02 0.000000000000000000e+00 2.576637679408420910e-04 0.000000000000000000e+00 0.000000000000000000e+00 1.475634451475638764e+00
4.189382999999999996e-02 0.000000000000000000e+00 2.579351175568888547e-04 0.000000000000000000e+00 0.000000000000000000e+00 1.454866711388447253e+00
4.286965999999999694e-02 0.000000000000000000e+00 2.581400635951555818e-04 0.000000000000000000e+00 0.000000000000000000e+00 1.434579254729338338e+00
4.386821999999999944e-02 0.000000000000000000e+00 2.647910863430681726e-04 0.000000000000000000e+00 0.000000000000000000e+00 1.414761069822082495e+00
4.489003999999999911e-02 0.000000000000000000e+00 2.683048714297742859e-04 0.000000000000000000e+00 0.000000000000000000e+00 1.394402323652121689e+00
4.593566999999999789e-02 0.000000000000000000e+00 2.654771236692634890e-04 0.000000000000000000e+00 0.000000000000000000e+00 1.371840343878947932e+00
4.700564000000000131e-02 0.000000000000000000e+00 2.667480213848059554e-04 0.000000000000000000e+00 0.000000000000000000e+00 1.349660179869034415e+00
4.810054999999999886e-02 0.000000000000000000e+00 2.701338299541454859e-04 0.000000000000000000e+00 0.000000000000000000e+00 1.328028116890331178e+00
4.922094999999999942e-02 0.000000000000000000e+00 2.688123344194357747e-04 0.000000000000000000e+00 0.000000000000000000e+00 1.306910268994068591e+00
5.036746000000000278e-02 0.000000000000000000e+00 2.726479544661129101e-04 0.000000000000000000e+00 0.000000000000000000e+00 1.285471701851736315e+00
5.154066000000000203e-02 0.000000000000000000e+00 2.856586059787720932e-04 0.000000000000000000e+00 0.000000000000000000e+00 1.262298576360557867e+00
5.274120000000000197e-02 0.000000000000000000e+00 2.801661151961717076e-04 0.000000000000000000e+00 0.000000000000000000e+00 1.239255851087727178e+00
5.396970000000000239e-02 0.000000000000000000e+00 2.678525598629374871e-04 0.000000000000000000e+00 0.000000000000000000e+00 1.216334545804921730e+00
5.522682000000000285e-02 0.000000000000000000e+00 2.665621889845898860e-04 0.000000000000000000e+00 0.000000000000000000e+00 1.193354352233301441e+00
5.651322000000000290e-02 0.000000000000000000e+00 2.783064198227773738e-04 0.000000000000000000e+00 0.000000000000000000e+00 1.169597496689349203e+00
5.782957999999999849e-02 0.000000000000000000e+00 2.794248625693513538e-04 0.000000000000000000e+00 0.000000000000000000e+00 1.144014049687954282e+00
5.917660000000000281e-02 0.000000000000000000e+00 2.742114588235301754e-04 0.000000000000000000e+00 0.000000000000000000e+00 1.118110290660069062e+00
6.055499999999999772e-02 0.000000000000000000e+00 2.618514397216028904e-04 0.000000000000000000e+00 0.000000000000000000e+00 1.091943778357595596e+00
6.196551000000000142e-02 0.000000000000000000e+00 2.674435347456995647e-04 0.000000000000000000e+00 0.000000000000000000e+00 1.065504150079218171e+00
6.340887000000000606e-02 2.743705432359215163e-305 2.661963356623632581e-04 0.000000000000000000e+00 0.000000000000000000e+00 1.038405415041746327e+00
6.488584999999999492e-02 2.257709260584557997e-285 2.637138700980762177e-04 0.000000000000000000e+00 0.000000000000000000e+00 1.009945938908655139e+00
6.639723999999999626e-02 6.961695206844495639e-267 2.602920144734584772e-04 0.000000000000000000e+00 0.000000000000000000e+00 9.812773685451985362e-01
6.794382999999999673e-02 1.017117868725261962e-249 2.566813953604136556e-04 0.000000000000000000e+00 0.000000000000000000e+00 9.525319609914824071e-01
6.952643999999999491e-02 8.756844317799073063e-234 2.516667730362287243e-04 0.000000000000000000e+00 0.000000000000000000e+00 9.237749211565049468e-01
7.114592000000000138e-02 5.438991098100149047e-219 2.470353824851753092e-04 0.000000000000000000e+00 0.000000000000000000e+00 8.947057109553282483e-01
7.280311999999999895e-02 2.940732868025398240e-205 2.498453391598599773e-04 0.000000000000000000e+00 0.000000000000000000e+00 8.648633714413794804e-01
7.449893000000000487e-02 1.650485425680704701e-192 2.429969682102235727e-04 0.000000000000000000e+00 0.000000000000000000e+00 8.351108502323993932e-01
7.623423000000000005e-02 1.131680551948933715e-180 2.324891517143298769e-04 0.000000000000000000e+00 0.000000000000000000e+00 8.055656190353264190e-01
7.800994999999999457e-02 1.102790871500279970e-169 2.281075913444565730e-04 0.000000000000000000e+00 0.000000000000000000e+00 7.762651956654788021e-01
7.982704000000000188e-02 1.757392923075635938e-159 2.259202116148040001e-04 0.000000000000000000e+00 0.000000000000000000e+00 7.470719578272062567e-01
8.168644999999999379e-02 5.216837084832258351e-150 2.233102779999641962e-04 0.000000000000000000e+00 0.000000000000000000e+00 7.177658603406176230e-01
8.358917000000000430e-02 3.259432501077553748e-141 2.112969348280461677e-04 0.000000000000000000e+00 0.000000000000000000e+00 6.889688124265611613e-01
8.553621000000000141e-02 4.798387523540246449e-133 2.120279837714294125e-04 0.000000000000000000e+00 0.000000000000000000e+00 6.608083594298421737e-01
8.752861000000000669e-02 1.848440565418783792e-125 2.086306997427829631e-04 0.000000000000000000e+00 0.000000000000000000e+00 6.333942899385139880e-01
8.956741000000000008e-02 2.053450678481555958e-118 2.030856691734931046e-04 0.000000000000000000e+00 0.000000000000000000e+00 6.067000502373063320e-01
9.165370000000000461e-02 7.198656258731471674e-112 2.257449499539925560e-04 0.000000000000000000e+00 0.000000000000000000e+00 5.806001151199939869e-01
9.378859000000000501e-02 8.664597707562067908e-106 3.619753881940819713e-04 0.000000000000000000e+00 0.000000000000000000e+00 5.554073458522464923e-01
9.597321000000000324e-02 3.886632550798989886e-100 4.402482326695020091e-04 0.000000000000000000e+00 0.000000000000000000e+00 5.332994140369317071e-01
9.820871000000000461e-02 6.980869038210918770e-95 3.486781920697836325e-04 0.000000000000000000e+00 0.000000000000000000e+00 5.137591642056199559e-01
1.004962999999999967e-01 5.365499668637828078e-90 4.283606406005504414e-04 0.000000000000000000e+00 0.000000000000000000e+00 4.962585599978583950e-01
1.028371000000000007e-01 1.877167680220236527e-85 4.047970768167648975e-04 0.000000000000000000e+00 0.000000000000000000e+00 4.804178064854701669e-01
1.052325000000000066e-01 3.166574555760836144e-81 4.873738934446455616e-04 0.000000000000000000e+00 0.000000000000000000e+00 4.660370168262789048e-01
1.076836999999999933e-01 2.716036864727615237e-77 4.449148795634576877e-04 0.000000000000000000e+00 0.000000000000000000e+00 4.528116895350902116e-01
1.101919999999999983e-01 1.244197371336102201e-73 4.592972634624805143e-04 0.000000000000000000e+00 0.000000000000000000e+00 4.404393964687016161e-01
1.127587000000000034e-01 3.152658594434016553e-70 4.346720584220773310e-04 0.000000000000000000e+00 0.000000000000000000e+00 4.241779499099236350e-01
1.153851999999999933e-01 4.840513636071825169e-67 4.417380691339110573e-04 0.000000000000000000e+00 0.000000000000000000e+00 4.245714649127246276e-01
1.180728000000000055e-01 4.736214443042159152e-64 3.827681759221423781e-04 0.000000000000000000e+00 0.000000000000000000e+00 4.464824010885433681e-01
1.208231000000000027e-01 2.766424344084666611e-61 3.301907958888861084e-04 0.000000000000000000e+00 0.000000000000000000e+00 4.454558018330171398e-01
1.236373999999999945e-01 9.559374811729429314e-59 4.149254593191507097e-04 0.000000000000000000e+00 0.000000000000000000e+00 4.039017592041271310e-01
1.265172999999999992e-01 2.239197369351524959e-56 4.288111934152588774e-04 0.000000000000000000e+00 0.000000000000000000e+00 3.695630306506045293e-01
1.294643000000000044e-01 3.807932598397848217e-54 4.160847210156377613e-04 0.000000000000000000e+00 0.000000000000000000e+00 3.549646318358642971e-01
1.324799000000000115e-01 4.649574715496583479e-52 4.227616558508624019e-04 0.000000000000000000e+00 0.000000000000000000e+00 3.445626708482303346e-01
1.355657999999999863e-01 4.137925239098264355e-50 4.165212172369767716e-04 0.000000000000000000e+00 0.000000000000000000e+00 3.346969504046972688e-01
1.387234999999999996e-01 2.745859717278255625e-48 3.634686291138819578e-04 0.000000000000000000e+00 0.000000000000000000e+00 3.252667043825140381e-01
1.419547999999999921e-01 1.388964247068196172e-46 3.623385165939869068e-04 0.000000000000000000e+00 0.000000000000000000e+00 3.165338113609192927e-01
1.452613000000000099e-01 5.533601247383910396e-45 3.754719992740803629e-04 0.000000000000000000e+00 0.000000000000000000e+00 3.125390812637739435e-01
1.486448999999999965e-01 1.844765729295021069e-43 3.642912021245168163e-04 0.000000000000000000e+00 0.000000000000000000e+00 3.267471865250685115e-01
1.521073000000000008e-01 5.013569852592748042e-42 3.689797862226253263e-04 0.000000000000000000e+00 0.000000000000000000e+00 3.466169635360948909e-01
1.556502999999999914e-01 9.933295460465376466e-41 3.767196132836183025e-04 0.000000000000000000e+00 0.000000000000000000e+00 3.286597414006943163e-01
1.592758999999999980e-01 1.518316635155346711e-39 3.847736224682875099e-04 0.000000000000000000e+00 0.000000000000000000e+00 2.907513753272230606e-01
1.629858999999999891e-01 2.054327148971431402e-38 3.932266054520529601e-04 0.000000000000000000e+00 0.000000000000000000e+00 2.719413708743389502e-01
1.667822999999999944e-01 2.441831208558978646e-37 4.021235871769904052e-04 0.000000000000000000e+00 0.000000000000000000e+00 2.638795834770451543e-01
1.706671999999999911e-01 2.500344615218940369e-36 4.127627704252880762e-04 0.000000000000000000e+00 0.000000000000000000e+00 2.569063662418624161e-01
1.746425000000000061e-01 2.345717385221447972e-35 4.279629065713019625e-04 0.000000000000000000e+00 0.000000000000000000e+00 2.500625036458567485e-01
1.787104999999999944e-01 2.057008317356581035e-34 4.443756581246726517e-04 0.000000000000000000e+00 0.000000000000000000e+00 2.431798295247594721e-01
1.828732000000000135e-01 1.685997182270041900e-33 4.707266286571391281e-04 0.000000000000000000e+00 0.000000000000000000e+00 2.362373512627195526e-01
1.871327999999999880e-01 1.293211427589244476e-32 5.027098066930233084e-04 0.000000000000000000e+00 0.000000000000000000e+00 2.293334126943812057e-01
1.914916999999999869e-01 9.309629779501156959e-32 5.452307174149788327e-04 0.000000000000000000e+00 0.000000000000000000e+00 2.225906273511832900e-01
1.959520999999999902e-01 6.318637201136331831e-31 6.061035909146241787e-04 0.000000000000000000e+00 0.000000000000000000e+00 2.159285420087113661e-01
2.005164999999999864e-01 4.078212927895210978e-30 6.694705144341196778e-04 0.000000000000000000e+00 0.000000000000000000e+00 2.093587480296613679e-01
2.051871000000000111e-01 2.537877842302605496e-29 7.356155143629811459e-04 0.000000000000000000e+00 0.000000000000000000e+00 2.030812630131022256e-01
2.099665000000000004e-01 1.548814053989449040e-28 8.029492802791521680e-04 0.000000000000000000e+00 0.000000000000000000e+00 1.971804969988718292e-01
2.148573000000000011e-01 9.435510710959314538e-28 8.645281661821561849e-04 0.000000000000000000e+00 0.000000000000000000e+00 1.917224952870394128e-01
2.198618999999999990e-01 5.823604008290975181e-27 9.189725459767774567e-04 0.000000000000000000e+00 0.000000000000000000e+00 1.869394932115358843e-01
2.249831999999999943e-01 3.662366627341504909e-26 9.196986170023162526e-04 0.000000000000000000e+00 0.000000000000000000e+00 1.829311634442154777e-01
2.302237000000000033e-01 2.334237088155795649e-25 9.071979726689262998e-04 0.000000000000000000e+00 0.000000000000000000e+00 1.796119618128037831e-01
2.355862999999999985e-01 1.487778815521672195e-24 8.781455707937956814e-04 0.000000000000000000e+00 0.000000000000000000e+00 1.768388617599402635e-01
2.410738000000000048e-01 9.329831584460523400e-24 8.721077889482357383e-04 0.000000000000000000e+00 0.000000000000000000e+00 1.744538046126574704e-01
2.466890999999999945e-01 5.673128658397530980e-23 9.441512249529649542e-04 0.000000000000000000e+00 0.000000000000000000e+00 1.723190494595437383e-01
2.524352999999999736e-01 3.312013891481760227e-22 1.085764247285580597e-03 0.000000000000000000e+00 0.000000000000000000e+00 1.704303634286194469e-01
2.583152000000000226e-01 1.851444993447078608e-21 1.326225949874715662e-03 0.000000000000000000e+00 0.000000000000000000e+00 1.692835239658741497e-01
2.643322000000000171e-01 1.025492958036009240e-20 1.859685987450882590e-03 0.000000000000000000e+00 0.000000000000000000e+00 1.751360337703208592e-01
2.704892999999999881e-01 5.959858404669383854e-20 2.559748054927600373e-03 0.000000000000000000e+00 0.000000000000000000e+00 1.998461204917382217e-01
2.767897999999999747e-01 3.134622862279676227e-19 3.355677169538759819e-03 0.000000000000000000e+00 0.000000000000000000e+00 2.166445867740535158e-01
2.832370000000000165e-01 1.293628441831298654e-18 4.401397778720045513e-03 0.000000000000000000e+00 0.000000000000000000e+00 1.930558778945355158e-01
2.898344999999999949e-01 4.843175607781267555e-18 5.703442876266820796e-03 0.000000000000000000e+00 0.000000000000000000e+00 1.631336599863088543e-01
2.965856000000000048e-01 1.922952726317440256e-17 7.146688321434251610e-03 0.000000000000000000e+00 0.000000000000000000e+00 1.524661565570077648e-01
3.034938999999999831e-01 7.604434901299800936e-17 8.131529930108244084e-03 0.000000000000000000e+00 0.000000000000000000e+00 1.477035852492996904e-01
3.105631999999999837e-01 2.894434657459503163e-16 9.545926479961344691e-03 0.000000000000000000e+00 0.000000000000000000e+00 1.430493328447422496e-01
3.177972000000000019e-01 1.059689334706704858e-15 1.330230367338339388e-02 0.000000000000000000e+00 0.000000000000000000e+00 1.381681100572828835e-01
3.251995999999999776e-01 3.740666549815885317e-15 1.495539798492073053e-02 0.000000000000000000e+00 0.000000000000000000e+00 1.331989284956900665e-01
3.327744999999999731e-01 1.006755340702612874e-14 1.588045395806238561e-02 0.000000000000000000e+00 0.000000000000000000e+00 1.282120110128670831e-01
3.405257999999999896e-01 1.729893472772750353e-14 1.690855601698437738e-02 0.000000000000000000e+00 0.000000000000000000e+00 1.232166802141903966e-01
3.484576999999999813e-01 2.686916429865839902e-14 1.865003581727743553e-02 0.000000000000000000e+00 0.000000000000000000e+00 1.182934736820919347e-01
3.565743000000000107e-01 3.931837068239869866e-14 1.915359491894079447e-02 0.000000000000000000e+00 0.000000000000000000e+00 1.134083058917848413e-01
3.648799999999999821e-01 5.649868363451404295e-14 2.369018591549607727e-02 0.000000000000000000e+00 0.000000000000000000e+00 1.085966559775081025e-01
3.733791000000000193e-01 8.254563286561983848e-14 2.504524641010283728e-02 0.000000000000000000e+00 0.000000000000000000e+00 1.038779175216303086e-01
3.820761999999999770e-01 1.257552084573141685e-13 2.154172851337347525e-02 0.000000000000000000e+00 0.000000000000000000e+00 9.923926040209665733e-02
3.909758999999999873e-01 2.029892053382268136e-13 2.544132817866718438e-02 0.000000000000000000e+00 0.000000000000000000e+00 9.472434721687363057e-02
4.000829000000000191e-01 3.495318463914798446e-13 4.271477531577205777e-02 0.000000000000000000e+00 0.000000000000000000e+00 9.036187995476371859e-02
4.094020999999999910e-01 6.416375401271366039e-13 5.146069054742113263e-02 0.000000000000000000e+00 0.000000000000000000e+00 8.619239791381405613e-02
4.189382999999999857e-01 1.247608673503844756e-12 5.214359419546690799e-02 0.000000000000000000e+00 0.000000000000000000e+00 8.225177352754424465e-02
4.286965999999999832e-01 2.542229894649873857e-12 5.731875478654083894e-02 0.000000000000000000e+00 0.000000000000000000e+00 7.855327338419310079e-02
4.386822000000000221e-01 5.359473876157892710e-12 6.781338183347918047e-02 0.000000000000000000e+00 0.000000000000000000e+00 7.511922141772031658e-02
4.489003999999999772e-01 1.161412547039672709e-11 7.862648085150812649e-02 0.000000000000000000e+00 0.000000000000000000e+00 7.248825581406778684e-02
4.593567000000000067e-01 2.730990179756254957e-11 8.603860292696390022e-02 0.000000000000000000e+00 0.000000000000000000e+00 7.555340709643183772e-02
4.700563999999999854e-01 7.438343481237613232e-11 8.945814713467614698e-02 0.000000000000000000e+00 0.000000000000000000e+00 9.194851323171920887e-02
4.810054999999999747e-01 1.798730623736867954e-10 9.493469012437025234e-02 0.000000000000000000e+00 0.000000000000000000e+00 1.012292161623751241e-01
4.922095000000000220e-01 3.176746223432908037e-10 9.446943277078832801e-02 0.000000000000000000e+00 0.000000000000000000e+00 8.363474876777494960e-02
5.036745999999999723e-01 5.052496360903992184e-10 9.202426535119805073e-02 0.000000000000000000e+00 0.000000000000000000e+00 6.432017774622214579e-02
5.154066000000000480e-01 9.166135158316266519e-10 8.943275403358807996e-02 0.000000000000000000e+00 0.000000000000000000e+00 5.852445006169444686e-02
5.274119999999999919e-01 1.705767315654480734e-09 1.009627813003336066e-01 0.000000000000000000e+00 0.000000000000000000e+00 5.671978017667761440e-02
5.396969999999999823e-01 3.076934162475181196e-09 1.065741616504781442e-01 0.000000000000000000e+00 0.000000000000000000e+00 5.527355002228508812e-02
5.522681999999999869e-01 5.375895311245163258e-09 1.100037469259479844e-01 0.000000000000000000e+00 0.000000000000000000e+00 5.396913975738801272e-02
5.651321999999999734e-01 9.135730327978025927e-09 1.141165899640111531e-01 0.000000000000000000e+00 0.000000000000000000e+00 5.279780536124865226e-02
5.782958000000000265e-01 1.517879921497949178e-08 1.150068754673824883e-01 0.000000000000000000e+00 0.000000000000000000e+00 5.174749176614928947e-02
5.917660000000000142e-01 2.479919956398277274e-08 1.172673117863025777e-01 0.000000000000000000e+00 0.000000000000000000e+00 5.080482888727130830e-02
6.055500000000000327e-01 4.043444333216108727e-08 1.276696921500568849e-01 0.000000000000000000e+00 0.000000000000000000e+00 5.039450082191501701e-02
6.196551000000000142e-01 7.207577158567307594e-08 1.269082109715370388e-01 0.000000000000000000e+00 0.000000000000000000e+00 5.498905561529718322e-02
6.340886999999999496e-01 1.553416732563737590e-07 1.240635682968510706e-01 0.000000000000000000e+00 0.000000000000000000e+00 7.258201388517303287e-02
6.488585000000000047e-01 2.956097368322673431e-07 1.310179840934373174e-01 0.000000000000000000e+00 0.000000000000000000e+00 8.419875269529582262e-02
6.639724000000000181e-01 3.976602478027296016e-07 1.359019542160083138e-01 0.000000000000000000e+00 0.000000000000000000e+00 6.844088016780239259e-02
6.794383000000000505e-01 4.810916406022352327e-07 1.372664627579858188e-01 0.000000000000000000e+00 0.000000000000000000e+00 4.943836803396702700e-02
6.952644000000000046e-01 7.240599573743560472e-07 1.411843671586954785e-01 0.000000000000000000e+00 0.000000000000000000e+00 4.381624217866024462e-02
7.114591999999999583e-01 1.203594804763193840e-06 1.384142224886596717e-01 0.000000000000000000e+00 0.000000000000000000e+00 4.227700093703897627e-02
7.280311999999999895e-01 2.038690846773301374e-06 1.425468387857246055e-01 0.000000000000000000e+00 0.000000000000000000e+00 4.100377770879331391e-02
7.449892999999999654e-01 3.495271721800869685e-06 1.555184560762210011e-01 0.000000000000000000e+00 0.000000000000000000e+00 3.979629373790505992e-02
7.623423000000000282e-01 6.050013716967890026e-06 1.541173092600001682e-01 0.000000000000000000e+00 0.000000000000000000e+00 3.869077510969080175e-02
7.800994999999999457e-01 1.052935940201547809e-05 1.482266138159233915e-01 0.000000000000000000e+00 0.000000000000000000e+00 3.771287296199112016e-02
7.982704000000000466e-01 1.831715838371234206e-05 1.471160688675291761e-01 0.000000000000000000e+00 0.000000000000000000e+00 3.686684329253837877e-02
8.168644999999999934e-01 3.161985766762940491e-05 1.576940248190991378e-01 0.000000000000000000e+00 0.000000000000000000e+00 3.615015126674294560e-02
8.358917000000000153e-01 5.370283599634726395e-05 1.603046684319360815e-01 0.000000000000000000e+00 0.000000000000000000e+00 3.555561321675662634e-02
8.553621000000000141e-01 8.887548146083667187e-05 1.569702402483229842e-01 0.000000000000000000e+00 0.000000000000000000e+00 3.507321166472102125e-02
8.752860999999999558e-01 1.418496187301960555e-04 1.701508649594631051e-01 0.000000000000000000e+00 0.000000000000000000e+00 3.470023222594472573e-02
8.956741000000000286e-01 2.159280772615650081e-04 1.722876633408600422e-01 0.000000000000000000e+00 0.000000000000000000e+00 3.443288023140505388e-02
9.165370000000000461e-01 3.152316566940760348e-04 1.775628711715211416e-01 0.000000000000000000e+00 0.000000000000000000e+00 3.425837114631230529e-02
9.378859000000000501e-01 4.531533972591332798e-04 1.702433483229729427e-01 0.000000000000000000e+00 0.000000000000000000e+00 3.417184228118980843e-02
9.597320999999999769e-01 6.443657490152037435e-04 1.732158970139709708e-01 0.000000000000000000e+00 0.000000000000000000e+00 3.416787093717590235e-02
9.820870999999999906e-01 9.064671525256348021e-04 1.777110882672404413e-01 0.000000000000000000e+00 0.000000000000000000e+00 3.423463499237030389e-02
1.004963000000000051e+00 1.261609729238308752e-03 1.860306773636579425e-01 0.000000000000000000e+00 0.000000000000000000e+00 3.435817647801914232e-02
1.028370999999999924e+00 1.737453585130542023e-03 1.864967252476975035e-01 0.000000000000000000e+00 0.000000000000000000e+00 3.452850974411438706e-02
1.052324999999999955e+00 2.368845240709873973e-03 1.837035758310032740e-01 0.000000000000000000e+00 0.000000000000000000e+00 3.474888521520326512e-02
1.076837000000000044e+00 3.198262498815516563e-03 1.800308250640068608e-01 0.000000000000000000e+00 0.000000000000000000e+00 3.501520226982737100e-02
1.101920000000000011e+00 4.276869653364424179e-03 1.762205298662912201e-01 0.000000000000000000e+00 0.000000000000000000e+00 3.532084083077800807e-02
1.127586999999999895e+00 5.667474432014072555e-03 1.739006654133664620e-01 0.000000000000000000e+00 0.000000000000000000e+00 3.567080646406604189e-02
1.153852000000000100e+00 7.448057437083584718e-03 1.739444969664582508e-01 0.000000000000000000e+00 0.000000000000000000e+00 3.608098687916537484e-02
1.180728000000000000e+00 9.714453724370932658e-03 1.708198026500037381e-01 0.000000000000000000e+00 0.000000000000000000e+00 3.656817099801018545e-02
1.208231000000000055e+00 1.257956619781025291e-02 1.694600427929056075e-01 0.000000000000000000e+00 0.000000000000000000e+00 3.713529210510295442e-02
1.236374000000000084e+00 1.617797935862151648e-02 1.692401707375391917e-01 0.000000000000000000e+00 0.000000000000000000e+00 3.778535849853965206e-02
1.265173000000000103e+00 2.066792664030579763e-02 1.669528613879680823e-01 0.000000000000000000e+00 0.000000000000000000e+00 3.851910834434709580e-02
1.294642999999999988e+00 2.623447461144334109e-02 1.654395143985029903e-01 0.000000000000000000e+00 0.000000000000000000e+00 3.933679365207690126e-02
1.324799000000000060e+00 3.309736914635078714e-02 1.628328710716373529e-01 0.000000000000000000e+00 0.000000000000000000e+00 4.024433353146587150e-02
1.355658000000000030e+00 4.152156657985358462e-02 1.599993166100597830e-01 0.000000000000000000e+00 0.000000000000000000e+00 4.125551241754236292e-02
1.387234999999999996e+00 5.181357444728716677e-02 1.569690094477029785e-01 0.000000000000000000e+00 0.000000000000000000e+00 4.237801038697019268e-02
1.419548000000000032e+00 6.432253121043671196e-02 1.520465987730929835e-01 0.000000000000000000e+00 0.000000000000000000e+00 4.361385723351074439e-02
1.452612999999999932e+00 7.945239310969072488e-02 1.541708148327598782e-01 0.000000000000000000e+00 0.000000000000000000e+00 4.496725669223679278e-02
1.486448999999999909e+00 9.766191196540706387e-02 1.550796669695872765e-01 0.000000000000000000e+00 0.000000000000000000e+00 4.644067178410613700e-02
1.521072999999999897e+00 1.194544736703151144e-01 1.619910007437105615e-01 0.000000000000000000e+00 0.000000000000000000e+00 4.802987313084213644e-02
1.556502999999999970e+00 1.454115402105791710e-01 1.626305496182014476e-01 0.000000000000000000e+00 0.000000000000000000e+00 4.973880928555820397e-02
1.592759000000000036e+00 1.761679774290222655e-01 1.585328539560147687e-01 0.000000000000000000e+00 0.000000000000000000e+00 5.156632755757399600e-02
1.629858999999999947e+00 2.123823370508709785e-01 1.612878925710989619e-01 0.000000000000000000e+00 0.000000000000000000e+00 5.350108607191132737e-02
1.667823000000000055e+00 2.546962710786059292e-01 1.617781728050994017e-01 0.000000000000000000e+00 0.000000000000000000e+00 5.551935251855796144e-02
1.706671999999999967e+00 3.038010350754908329e-01 1.591329941672355586e-01 0.000000000000000000e+00 0.000000000000000000e+00 5.760695851694877523e-02
1.746424999999999894e+00 3.604245903690740382e-01 1.503138006121456371e-01 0.000000000000000000e+00 0.000000000000000000e+00 5.975401409691159099e-02
1.787104999999999944e+00 4.252318016715332383e-01 1.396870330674836458e-01 0.000000000000000000e+00 0.000000000000000000e+00 6.193958476550982806e-02
1.828732000000000024e+00 4.987348182831830568e-01 1.303876870847742453e-01 0.000000000000000000e+00 0.000000000000000000e+00 6.412801120650091224e-02
1.871328000000000102e+00 5.814157408667289806e-01 1.226395881215042172e-01 0.000000000000000000e+00 0.000000000000000000e+00 6.629359926498469557e-02
1.914916999999999980e+00 6.737409150552775561e-01 1.171503411060223487e-01 0.000000000000000000e+00 0.000000000000000000e+00 6.842013543416962384e-02
1.959521000000000068e+00 7.759709448028839773e-01 1.103759768217900117e-01 0.000000000000000000e+00 0.000000000000000000e+00 7.048115267101931480e-02
2.005164999999999864e+00 8.886133202703779821e-01 1.051754050700132170e-01 0.000000000000000000e+00 0.000000000000000000e+00 7.248374318530567684e-02
2.051870999999999778e+00 1.012320564610840412e+00 1.018270207033324937e-01 0.000000000000000000e+00 0.000000000000000000e+00 7.444673357710128447e-02
2.099664999999999893e+00 1.147890924281207647e+00 9.894914471127230771e-02 0.000000000000000000e+00 0.000000000000000000e+00 7.639513303392544974e-02
2.148572999999999844e+00 1.295842528684186812e+00 9.598481714649144403e-02 0.000000000000000000e+00 0.000000000000000000e+00 7.833085494057896725e-02
2.198618999999999879e+00 1.456454863251555931e+00 9.203549319565251796e-02 0.000000000000000000e+00 0.000000000000000000e+00 8.024424434545218698e-02
2.249832000000000054e+00 1.629712720341965904e+00 8.794625324903462826e-02 0.000000000000000000e+00 0.000000000000000000e+00 8.211631573570199460e-02
2.302236999999999867e+00 1.815091723857627626e+00 7.671066118575867177e-02 0.000000000000000000e+00 0.000000000000000000e+00 8.391324264761421126e-02
2.355862999999999818e+00 2.013367566451413460e+00 6.643310515532842297e-02 0.000000000000000000e+00 0.000000000000000000e+00 8.567007036577117818e-02
2.410737999999999825e+00 2.224371072496213131e+00 6.021841100450895518e-02 0.000000000000000000e+00 0.000000000000000000e+00 8.737727719298030160e-02
2.466890999999999945e+00 2.446849963413925355e+00 5.276999234256526256e-02 0.000000000000000000e+00 0.000000000000000000e+00 8.899122668725954755e-02
2.524353000000000069e+00 2.680030810734638891e+00 4.623485732446849100e-02 0.000000000000000000e+00 0.000000000000000000e+00 9.049938295025090895e-02
2.583152000000000115e+00 2.923284408708457516e+00 4.625465593627899746e-02 0.000000000000000000e+00 0.000000000000000000e+00 9.190009668389857722e-02
2.643321999999999949e+00 3.176214828959632364e+00 4.541835176928294554e-02 0.000000000000000000e+00 0.000000000000000000e+00 9.320178514409166448e-02
2.704893000000000214e+00 3.438369053840604650e+00 4.436661984138415976e-02 0.000000000000000000e+00 0.000000000000000000e+00 9.441164684480880809e-02
2.767898000000000192e+00 3.710363328912388070e+00 4.285657548260130012e-02 0.000000000000000000e+00 0.000000000000000000e+00 9.556477950482254735e-02
2.832370000000000054e+00 3.992554343835703623e+00 4.125912735999204967e-02 0.000000000000000000e+00 0.000000000000000000e+00 9.668342284544921561e-02
2.898344999999999949e+00 4.285555323398125616e+00 3.943534008241594141e-02 0.000000000000000000e+00 0.000000000000000000e+00 9.779184840151658453e-02
2.965856000000000048e+00 4.591553551264928146e+00 3.757090462302731942e-02 0.000000000000000000e+00 0.000000000000000000e+00 9.894382883944871643e-02
3.034939000000000053e+00 4.911329954357817051e+00 3.595568034628039700e-02 0.000000000000000000e+00 0.000000000000000000e+00 1.001536181035568018e-01
3.105631999999999948e+00 5.243510625496401012e+00 3.467951705005662549e-02 0.000000000000000000e+00 0.000000000000000000e+00 1.013911817731033421e-01
3.177972000000000019e+00 5.586638089287949249e+00 3.332032562297169986e-02 0.000000000000000000e+00 0.000000000000000000e+00 1.026311902608476601e-01
3.251996000000000109e+00 5.940371786914650620e+00 3.195325317337278925e-02 0.000000000000000000e+00 0.000000000000000000e+00 1.038730686937938130e-01
3.327745000000000175e+00 6.300617292803312175e+00 3.044347889287329564e-02 0.000000000000000000e+00 0.000000000000000000e+00 1.050541440580418512e-01
3.405257999999999896e+00 6.663435800280208099e+00 2.883792936017054095e-02 0.000000000000000000e+00 0.000000000000000000e+00 1.061257830447714517e-01
3.484576999999999813e+00 7.024199080592721245e+00 2.722016412594217491e-02 0.000000000000000000e+00 0.000000000000000000e+00 1.070376563506725276e-01
3.565742999999999885e+00 7.380407718297794517e+00 2.557667243219656147e-02 0.000000000000000000e+00 0.000000000000000000e+00 1.077792965880366161e-01
3.648800000000000043e+00 7.730626655413353809e+00 2.395831040673505191e-02 0.000000000000000000e+00 0.000000000000000000e+00 1.083571605762323475e-01
3.733791000000000082e+00 8.073605072709044705e+00 2.229748592905759705e-02 0.000000000000000000e+00 0.000000000000000000e+00 1.087793793059980002e-01
3.820762000000000214e+00 8.409860990907203515e+00 2.083177318857252699e-02 0.000000000000000000e+00 0.000000000000000000e+00 1.090758716081157570e-01
3.909759000000000206e+00 8.741614163073824884e+00 1.933344153861852460e-02 0.000000000000000000e+00 0.000000000000000000e+00 1.092934707391451932e-01
4.000829000000000413e+00 9.072112533424887104e+00 1.785946184536065309e-02 0.000000000000000000e+00 0.000000000000000000e+00 1.094847739019017135e-01
4.094020999999999688e+00 9.407660287813618183e+00 1.657405916649608985e-02 0.000000000000000000e+00 0.000000000000000000e+00 1.097307967874931178e-01
4.189383000000000301e+00 9.755103801089118676e+00 1.539436744715656780e-02 0.000000000000000000e+00 0.000000000000000000e+00 1.101080233438928024e-01
4.286965999999999610e+00 1.011945811533369444e+01 1.391237144494449421e-02 0.000000000000000000e+00 0.000000000000000000e+00 1.106632575212812969e-01
4.386822000000000443e+00 1.050434736854224482e+01 1.204960769318699776e-02 0.000000000000000000e+00 0.000000000000000000e+00 1.114229005273300599e-01
4.489004000000000438e+00 1.091198028112084906e+01 1.087721695700622805e-02 0.000000000000000000e+00 0.000000000000000000e+00 1.123957837620439409e-01
4.593567000000000178e+00 1.134430631917575205e+01 1.013128282475821498e-02 0.000000000000000000e+00 0.000000000000000000e+00 1.135873035158695421e-01
4.700563999999999965e+00 1.180204064591393553e+01 9.583723003340588811e-03 0.000000000000000000e+00 0.000000000000000000e+00 1.149904528773688928e-01
4.810055000000000192e+00 1.228282325065714353e+01 9.029180722411319499e-03 0.000000000000000000e+00 0.000000000000000000e+00 1.165700188598749465e-01
4.922094999999999665e+00 1.277978176579630265e+01 8.452929900134931521e-03 0.000000000000000000e+00 0.000000000000000000e+00 1.182528317883900504e-01
5.036745999999999945e+00 1.328658364121218227e+01 7.935500621452557662e-03 0.000000000000000000e+00 0.000000000000000000e+00 1.199778919797903631e-01
5.154066000000000258e+00 1.379868302054084062e+01 7.438188592982524286e-03 0.000000000000000000e+00 0.000000000000000000e+00 1.217057511480929555e-01
5.274119999999999919e+00 1.430743902200320328e+01 6.984980845114759432e-03 0.000000000000000000e+00 0.000000000000000000e+00 1.233651982134730957e-01
5.396969999999999601e+00 1.480770144637574681e+01 6.555547430351391786e-03 0.000000000000000000e+00 0.000000000000000000e+00 1.249205551641948825e-01
5.522681999999999647e+00 1.529624725678504582e+01 6.148406831739880452e-03 0.000000000000000000e+00 0.000000000000000000e+00 1.263548214430784689e-01
5.651322000000000401e+00 1.576921734985272749e+01 5.755989479063038788e-03 0.000000000000000000e+00 0.000000000000000000e+00 1.276469188325113358e-01
5.782957999999999821e+00 1.622324434603909538e+01 5.391630260072106766e-03 0.000000000000000000e+00 0.000000000000000000e+00 1.287809671375983733e-01
5.917659999999999698e+00 1.665789922786291655e+01 5.029431312222084997e-03 0.000000000000000000e+00 0.000000000000000000e+00 1.297647748399718137e-01
6.055500000000000327e+00 1.707379176143991373e+01 4.697150613860829119e-03 0.000000000000000000e+00 0.000000000000000000e+00 1.306131128761464366e-01
6.196551000000000364e+00 1.747019157183193272e+01 4.395068494747080348e-03 0.000000000000000000e+00 0.000000000000000000e+00 1.313292451165388730e-01
6.340887000000000384e+00 1.784610891708890179e+01 4.109492859710675225e-03 0.000000000000000000e+00 0.000000000000000000e+00 1.319139219319549472e-01
6.488584999999999603e+00 1.820101459602358673e+01 3.845548476103639868e-03 0.000000000000000000e+00 0.000000000000000000e+00 1.323708261290731658e-01
6.639724000000000181e+00 1.853226303763007365e+01 3.599461861242042073e-03 0.000000000000000000e+00 0.000000000000000000e+00 1.326878967051497715e-01
6.794382999999999839e+00 1.883545063852620416e+01 3.366715534997234173e-03 0.000000000000000000e+00 0.000000000000000000e+00 1.328410467855856147e-01
6.952644000000000268e+00 1.910760364821000223e+01 3.149413045413692550e-03 0.000000000000000000e+00 0.000000000000000000e+00 1.328171530283611401e-01
7.114592000000000027e+00 1.935178361075202957e+01 2.944007659140358401e-03 0.000000000000000000e+00 0.000000000000000000e+00 1.326447876827407946e-01
7.280312000000000339e+00 1.957353688516841572e+01 2.749998172048053347e-03 0.000000000000000000e+00 0.000000000000000000e+00 1.323673787682842495e-01
7.449893000000000320e+00 1.977754357654144002e+01 2.566385560769450427e-03 0.000000000000000000e+00 0.000000000000000000e+00 1.320199770747969847e-01
7.623422999999999838e+00 1.997452115970393294e+01 2.397150401641864100e-03 0.000000000000000000e+00 0.000000000000000000e+00 1.316754275141392427e-01
7.800995000000000346e+00 2.018117408856934958e+01 2.238004264233640211e-03 0.000000000000000000e+00 0.000000000000000000e+00 1.314418868746504432e-01
7.982704000000000022e+00 2.040628789798124387e+01 2.088993266200051078e-03 0.000000000000000000e+00 0.000000000000000000e+00 1.313714812785043706e-01
8.168644999999999712e+00 2.065364521635803996e+01 1.950836144932966950e-03 0.000000000000000000e+00 0.000000000000000000e+00 1.314823098008859326e-01
8.358916999999999931e+00 2.092844785389075568e+01 1.822067642063224550e-03 0.000000000000000000e+00 0.000000000000000000e+00 1.318008656915364007e-01
8.553620999999999697e+00 2.123751791040365333e+01 1.702969390863595320e-03 0.000000000000000000e+00 0.000000000000000000e+00 1.323629050632446624e-01
8.752860999999999336e+00 2.158076314550690356e+01 1.591952824284635984e-03 0.000000000000000000e+00 0.000000000000000000e+00 1.331603932845057126e-01
8.956740999999999175e+00 2.195151149527713486e+01 1.488250937878042145e-03 0.000000000000000000e+00 0.000000000000000000e+00 1.341457454171054442e-01
9.165369999999999351e+00 2.233769650782247496e+01 1.391719516190512238e-03 0.000000000000000000e+00 0.000000000000000000e+00 1.352408088896789318e-01
9.378859000000000279e+00 2.272312968013041257e+01 1.301672826080778897e-03 0.000000000000000000e+00 0.000000000000000000e+00 1.363457359824144510e-01
9.597321000000000879e+00 2.308862210603976095e+01 1.217091842345132888e-03 0.000000000000000000e+00 0.000000000000000000e+00 1.373463917272583490e-01
9.820871000000000350e+00 2.342152612197384087e+01 1.129663274879430350e-03 0.000000000000000000e+00 0.000000000000000000e+00 1.381709930789687679e-01
1.004963000000000051e+01 2.371756179296340861e+01 1.040326593733599666e-03 0.000000000000000000e+00 0.000000000000000000e+00 1.387988389974038062e-01
1.028370999999999924e+01 2.396863945557517539e+01 9.706625856776939084e-04 0.000000000000000000e+00 0.000000000000000000e+00 1.391874699482426314e-01
1.052325000000000088e+01 2.417169630116399048e+01 9.043057435403938559e-04 0.000000000000000000e+00 0.000000000000000000e+00 1.393243729872839509e-01
1.076837000000000089e+01 2.432426504207532503e+01 8.424827716212525451e-04 0.000000000000000000e+00 0.000000000000000000e+00 1.392004699506749488e-01
1.101919999999999966e+01 2.442635883991453127e+01 7.848854378819863442e-04 0.000000000000000000e+00 0.000000000000000000e+00 1.388206977551409704e-01
1.127586999999999939e+01 2.447338338492108534e+01 7.312255365158668420e-04 0.000000000000000000e+00 0.000000000000000000e+00 1.381635226176348985e-01
1.153852000000000011e+01 2.447380798652275402e+01 6.812339084767512392e-04 0.000000000000000000e+00 0.000000000000000000e+00 1.372809334786481428e-01
1.180728000000000044e+01 2.448538531379853467e+01 6.346556461465271536e-04 0.000000000000000000e+00 0.000000000000000000e+00 1.364980575791959749e-01
1.208230999999999966e+01 2.454220105675710428e+01 5.912606489628535354e-04 0.000000000000000000e+00 0.000000000000000000e+00 1.360008921629850820e-01
1.236373999999999995e+01 2.468358739370589205e+01 5.508313497136007415e-04 0.000000000000000000e+00 0.000000000000000000e+00 1.360002006797189356e-01
1.265173000000000059e+01 2.492760199466841442e+01 5.131591743906532962e-04 0.000000000000000000e+00 0.000000000000000000e+00 1.365858370027171198e-01
1.294642999999999944e+01 2.525791049878134231e+01 4.780603922717385702e-04 0.000000000000000000e+00 0.000000000000000000e+00 1.376588214332535032e-01
1.324798999999999971e+01 2.567918421968327181e+01 4.453564393289710936e-04 0.000000000000000000e+00 0.000000000000000000e+00 1.392366894563285273e-01
1.355658000000000030e+01 2.626816335438589434e+01 4.148845129384065057e-04 0.000000000000000000e+00 0.000000000000000000e+00 1.417259317075967306e-01
1.387235000000000085e+01 2.711440309849038144e+01 3.864912031025533675e-04 0.000000000000000000e+00 0.000000000000000000e+00 1.455945624421290940e-01
1.419547999999999988e+01 2.834092479342483273e+01 3.600358512514584058e-04 0.000000000000000000e+00 0.000000000000000000e+00 1.514816814489234886e-01
1.452613000000000021e+01 2.991780820066731295e+01 3.353864251920522658e-04 0.000000000000000000e+00 0.000000000000000000e+00 1.592024016588377278e-01
1.486448999999999998e+01 3.163808033618459348e+01 3.124206265830216270e-04 0.000000000000000000e+00 0.000000000000000000e+00 1.676385168385469415e-01
1.521072999999999986e+01 3.323926905484388783e+01 2.910248988019689112e-04 0.000000000000000000e+00 0.000000000000000000e+00 1.753987706135350655e-01
1.556503000000000014e+01 3.452360322350666877e+01 2.710914784245493773e-04 0.000000000000000000e+00 0.000000000000000000e+00 1.814544753845362124e-01
1.592759000000000036e+01 3.545640175620189183e+01 2.525230790851695057e-04 0.000000000000000000e+00 0.000000000000000000e+00 1.856459323995544863e-01
1.629859000000000080e+01 3.605778280753555265e+01 2.352270588095424844e-04 0.000000000000000000e+00 0.000000000000000000e+00 1.881002828277701933e-01
1.667822999999999922e+01 3.630167890100779715e+01 2.191186424926999643e-04 0.000000000000000000e+00 0.000000000000000000e+00 1.887013617302306656e-01
1.706672000000000011e+01 3.611155082597124988e+01 2.041182515464169830e-04 0.000000000000000000e+00 0.000000000000000000e+00 1.870718657869027413e-01
1.746424999999999983e+01 3.542186798566275030e+01 1.901529037601096012e-04 0.000000000000000000e+00 0.000000000000000000e+00 1.828950249846550968e-01
1.787105000000000032e+01 3.424013269331059206e+01 1.771548079759381405e-04 0.000000000000000000e+00 0.000000000000000000e+00 1.762325301388786569e-01
1.828732000000000113e+01 3.257016353470025649e+01 1.650612896585053628e-04 0.000000000000000000e+00 0.000000000000000000e+00 1.671248368925245253e-01
1.871328000000000102e+01 3.062251739467433964e+01 1.538120686092653202e-04 0.000000000000000000e+00 0.000000000000000000e+00 1.566681641902654409e-01
1.914917000000000158e+01 2.870785820247533948e+01 1.433504168225141549e-04 0.000000000000000000e+00 0.000000000000000000e+00 1.464556364277261324e-01
1.959521000000000157e+01 2.718761699322876879e+01 1.336214472699662355e-04 0.000000000000000000e+00 0.000000000000000000e+00 1.383205808648104163e-01
2.005164999999999864e+01 2.634274927229246543e+01 1.245731917014571729e-04 0.000000000000000000e+00 0.000000000000000000e+00 1.336689130328198860e-01
2.051870999999999867e+01 2.644154610675168726e+01 1.161564151894404627e-04 0.000000000000000000e+00 0.000000000000000000e+00 1.338294028159298932e-01
2.099664999999999893e+01 2.748428569689620815e+01 1.083258425033801071e-04 0.000000000000000000e+00 0.000000000000000000e+00 1.387665288658217200e-01
2.148573000000000022e+01 2.940901561708487222e+01 1.010375496580848912e-04 0.000000000000000000e+00 0.000000000000000000e+00 1.481341099422958940e-01
2.198619000000000057e+01 3.218535958505503913e+01 9.425201743318756178e-05 0.000000000000000000e+00 0.000000000000000000e+00 1.617501125419106012e-01
2.249831999999999965e+01 3.569022975999159542e+01 8.793183449186904783e-05 0.000000000000000000e+00 0.000000000000000000e+00 1.789712125414346100e-01
2.302236999999999867e+01 3.966483806764091469e+01 8.204320135115403918e-05 0.000000000000000000e+00 0.000000000000000000e+00 1.984823042824369888e-01
2.355863000000000085e+01 4.381088515343411416e+01 7.655445695814845717e-05 0.000000000000000000e+00 0.000000000000000000e+00 2.187831168372304791e-01
2.410737999999999914e+01 4.790601354726123162e+01 7.143692354831764058e-05 0.000000000000000000e+00 0.000000000000000000e+00 2.387644493910401067e-01
2.466891000000000034e+01 5.180685641392204843e+01 6.666423973308427929e-05 0.000000000000000000e+00 0.000000000000000000e+00 2.577185837780396893e-01
2.524352999999999980e+01 5.539197434296850275e+01 6.221209283508896107e-05 0.000000000000000000e+00 0.000000000000000000e+00 2.750515452847167586e-01
2.583152000000000115e+01 5.861189541681967086e+01 5.805829887957705148e-05 0.000000000000000000e+00 0.000000000000000000e+00 2.905297127695315451e-01
2.643321999999999861e+01 6.144275218838418340e+01 5.418243948829798526e-05 0.000000000000000000e+00 0.000000000000000000e+00 3.040470134886517073e-01
2.704892999999999859e+01 6.387315350055004615e+01 5.056566819455585334e-05 0.000000000000000000e+00 0.000000000000000000e+00 3.155589266559853390e-01
2.767897999999999925e+01 6.589868467150544973e+01 4.719049929228495997e-05 0.000000000000000000e+00 0.000000000000000000e+00 3.250548525014368417e-01
2.832369999999999877e+01 6.750127772342561627e+01 4.404066093641791226e-05 0.000000000000000000e+00 0.000000000000000000e+00 3.324562670228999317e-01
2.898345000000000127e+01 6.866635211390399718e+01 4.110113591288172324e-05 0.000000000000000000e+00 0.000000000000000000e+00 3.377015496704705022e-01
2.965856000000000137e+01 6.934241760994338222e+01 3.827259438794951312e-05 0.000000000000000000e+00 0.000000000000000000e+00 3.405474687717851556e-01
