3.034939000000000039e-02 0.000000000000000000e+00 8.045229641380455708e-11 0.000000000000000000e+00 2.928331789611224772e-10 1.925810357179798581e-19
3.105631999999999837e-02 0.000000000000000000e+00 8.338571923789237463e-11 0.000000000000000000e+00 3.169674471208019978e-10 1.431544623563030376e-18
3.177971999999999742e-02 0.000000000000000000e+00 8.603926853541786598e-11 0.000000000000000000e+00 3.221777631852652965e-10 9.235834027307266258e-18
3.251996000000000053e-02 0.000000000000000000e+00 8.896173838521261258e-11 0.000000000000000000e+00 3.422370445213691211e-10 5.212806966933935427e-17
3.327745000000000009e-02 0.000000000000000000e+00 9.148688195081688321e-11 0.000000000000000000e+00 3.508558948135699101e-10 2.604338639879363427e-16
3.405257999999999896e-02 0.000000000000000000e+00 9.371280166780411801e-11 0.000000000000000000e+00 3.497010926104211660e-10 1.161691959451808913e-15
3.484576999999999813e-02 0.000000000000000000e+00 9.622327169078033857e-11 0.000000000000000000e+00 3.692319467578286524e-10 4.662984767865343003e-15
3.565742999999999691e-02 0.000000000000000000e+00 1.004862461269228367e-10 0.000000000000000000e+00 5.117261173850864904e-10 1.695050971637461877e-14
3.648799999999999960e-02 0.000000000000000000e+00 1.062719806273054885e-10 0.000000000000000000e+00 7.648150250362822281e-10 5.609195797224427457e-14
3.733791000000000193e-02 0.000000000000000000e+00 1.089653444494990052e-10 0.000000000000000000e+00 8.181741130706808447e-10 1.704588513524670650e-13
3.820761999999999770e-02 0.000000000000000000e+00 1.089437943723733246e-10 0.000000000000000000e+00 7.218291933860738552e-10 4.785971803188424097e-13
3.909759000000000151e-02 0.000000000000000000e+00 1.128455605577564479e-10 0.000000000000000000e+00 8.969101060266421994e-10 1.248354734519300440e-12
4.000829000000000191e-02 0.000000000000000000e+00 1.185270836467050601e-10 0.000000000000000000e+00 1.197785792038364851e-09 3.037964135065922979e-12
4.094020999999999771e-02 0.000000000000000000e+00 1.217502646835304791e-10 0.000000000000000000e+00 1.344807497287574332e-09 6.920690130524122702e-12
4.189382999999999996e-02 0.000000000000000000e+00 1.216334297052884985e-10 0.000000000000000000e+00 1.279526912304963089e-09 1.485532922506440561e-11
4.286965999999999694e-02 0.000000000000000000e+00 1.214598763219651571e-10 0.000000000000000000e+00 1.216608331228845461e-09 3.017371320514672636e-11
4.386821999999999944e-02 0.000000000000000000e+00 1.242840180756626911e-10 0.000000000000000000e+00 1.366326388008123259e-09 5.821758910965681789e-11
4.489003999999999911e-02 0.000000000000000000e+00 1.255926108429492571e-10 0.000000000000000000e+00 1.444467017143104526e-09 1.070031215742098893e-10
4.593566999999999789e-02 0.000000000000000000e+00 1.238978595802142003e-10 0.000000000000000000e+00 1.326970036868800220e-09 1.877410805635299682e-10
4.700564000000000131e-02 0.000000000000000000e+00 1.240806030726714021e-10 0.000000000000000000e+00 1.352409560942423613e-09 3.159919834959930825e-10
4.810054999999999886e-02 4.722535591829694185e-300 1.251982919292811895e-10 0.000000000000000000e+00 1.454824155564935560e-09 5.117370438700166913e-10
4.922094999999999942e-02 8.199338495779622696e-280 1.240853686997836536e-10 0.000000000000000000e+00 1.384600642999790461e-09 7.995036355980218463e-10
5.036746000000000278e-02 5.165601153477572002e-261 1.252978583902117918e-10 0.000000000000000000e+00 1.558406850985928801e-09 1.207234858780843430e-09
5.154066000000000203e-02 1.489649544755147623e-243 1.306344943066099150e-10 0.000000000000000000e+00 2.303818471608853077e-09 1.763845070852463827e-09
5.274120000000000197e-02 2.446949824230679543e-227 1.274305448610681313e-10 0.000000000000000000e+00 2.143660511966390312e-09 2.502451356593190097e-09
5.396970000000000239e-02 2.802345823057252939e-212 1.211033762806215764e-10 0.000000000000000000e+00 1.798498376614806733e-09 3.454269728124804859e-09
5.522682000000000285e-02 2.700118451819140707e-198 1.197267439412945952e-10 0.000000000000000000e+00 1.888271389817321632e-09 4.646810129937190898e-09
5.651322000000000290e-02 2.605700167853057496e-185 1.240936465203593734e-10 0.000000000000000000e+00 2.419886767592015497e-09 6.098458065781423891e-09
5.782957999999999849e-02 2.960848266505158557e-173 1.235934684212891300e-10 0.000000000000000000e+00 2.508290266691277543e-09 7.812770159425008959e-09
5.917660000000000281e-02 4.614734742389262893e-162 1.202143693072062711e-10 0.000000000000000000e+00 2.402955482799774214e-09 9.796343696668542537e-09
6.055499999999999772e-02 1.135751890494408350e-151 1.136748387419649000e-10 0.000000000000000000e+00 2.097544478715853672e-09 1.203857463951612965e-08
6.196551000000000142e-02 5.031379481254930820e-142 1.148514707693584048e-10 0.000000000000000000e+00 2.494185725352829681e-09 1.451585263558661367e-08
6.340887000000000606e-02 4.529745539681111378e-133 1.129566815630182935e-10 0.000000000000000000e+00 2.569166145766435593e-09 1.718570843412045467e-08
6.488584999999999492e-02 9.274560266319580009e-125 1.104352127273392897e-10 0.000000000000000000e+00 2.559734499501768848e-09 1.998267411837399222e-08
6.639723999999999626e-02 4.803079792664997752e-117 1.074244836250817374e-10 0.000000000000000000e+00 2.554929819259965358e-09 2.286365939114166599e-08
6.794382999999999673e-02 6.939009861184017390e-110 1.042426896963272973e-10 0.000000000000000000e+00 2.546250301267627471e-09 2.576553199612745167e-08
6.952643999999999491e-02 3.062997942232616285e-103 1.004056723448866764e-10 0.000000000000000000e+00 2.494496235842617765e-09 2.861974042242633629e-08
7.114592000000000138e-02 4.493870915742609367e-97 9.664275749857472321e-11 0.000000000000000000e+00 2.473563910169254939e-09 3.134341671523045671e-08
7.280311999999999895e-02 2.369029954030912531e-91 9.564718828076503560e-11 0.000000000000000000e+00 2.724506715845987061e-09 3.384272723394157610e-08
7.449893000000000487e-02 4.831453826717469739e-86 9.082665453714350083e-11 0.000000000000000000e+00 2.607520416087865751e-09 3.607650639831560306e-08
7.623423000000000005e-02 4.079663685326921275e-81 8.463411221559042715e-11 0.000000000000000000e+00 2.389174586482925546e-09 3.798815071475841338e-08
7.800994999999999457e-02 1.518987044911859521e-76 8.065272105460746657e-11 0.000000000000000000e+00 2.369916926917040983e-09 3.952671476135606955e-08
7.982704000000000188e-02 2.643345764859258386e-72 7.734868080109888118e-11 0.000000000000000000e+00 2.380286449084759769e-09 4.064188755214562772e-08
8.168644999999999379e-02 2.268943810033143529e-68 7.378530987470876688e-11 0.000000000000000000e+00 2.360315802508183959e-09 4.128786836343453059e-08
8.358917000000000430e-02 1.011042498533569456e-64 6.712914802878612223e-11 0.000000000000000000e+00 2.028242485144794062e-09 4.147951725790136884e-08
8.553621000000000141e-02 2.451038269139601438e-61 6.450509638102462397e-11 0.000000000000000000e+00 2.160508971010192441e-09 4.121998061889917609e-08
8.752861000000000669e-02 3.376382484592285166e-58 6.050670580452634319e-11 0.000000000000000000e+00 2.124962357267731694e-09 4.052412376855316981e-08
8.956741000000000008e-02 2.751065689404284228e-55 5.586846401996555051e-11 0.000000000000000000e+00 2.024753189768489937e-09 3.940964762740409038e-08
9.165370000000000461e-02 2.757044013010529709e-46 1.173970712780709303e-04 0.000000000000000000e+00 6.157453386467755599e-03 7.594379280908317154e-02
9.378859000000000501e-02 8.764462402535215519e-44 1.765051053447871520e-04 0.000000000000000000e+00 1.834458618551157785e-02 7.223719533155703587e-02
9.597321000000000324e-02 1.835993782925925148e-41 1.999423164556967617e-04 0.000000000000000000e+00 2.566172093012577399e-02 6.822535552888911448e-02
9.820871000000000461e-02 2.609143361603472812e-39 1.464022421160461368e-04 0.000000000000000000e+00 1.665785837286243298e-02 6.392626799576797691e-02
1.004962999999999967e-01 2.583297672684485729e-37 1.649304766850059293e-04 0.000000000000000000e+00 2.388271249164320223e-02 5.935807244616739253e-02
1.028371000000000007e-01 2.978851941101215505e-35 2.309934437059445200e-04 0.000000000000000000e+00 3.028751128946018459e-02 8.898416509614422154e-02
1.052325000000000066e-01 1.619538845213561926e-33 2.633057403753625539e-04 0.000000000000000000e+00 4.256388804646647067e-02 8.512808827259776834e-02
1.076836999999999933e-01 6.605279044270078152e-32 2.262754449812062448e-04 0.000000000000000000e+00 3.603664066152886120e-02 8.087698079894833914e-02
1.101919999999999983e-01 2.061024384422243627e-30 2.185173964024926670e-04 0.000000000000000000e+00 3.639787933213696480e-02 7.623897333171204826e-02
1.127587000000000034e-01 4.957540623489060938e-29 1.921191076842896348e-04 0.000000000000000000e+00 3.236056905297207686e-02 7.049376269877656587e-02
1.153851999999999933e-01 9.815797919039085129e-28 1.799954649854028702e-04 0.000000000000000000e+00 3.157941943056149364e-02 6.707442995077225745e-02
1.180728000000000055e-01 1.642891793725765110e-26 1.425756039036230548e-04 0.000000000000000000e+00 2.487512505208116717e-02 6.634853949058283629e-02
1.208231000000000027e-01 2.129542849438069836e-25 1.113856579939851902e-04 0.000000000000000000e+00 1.714077073961156605e-02 6.156782034513044038e-02
1.236373999999999945e-01 6.624880088814345467e-24 4.005547467381524469e-04 0.000000000000000000e+00 7.561128241442061082e-02 1.637722522397108971e-01
1.265172999999999992e-01 6.154082117140686247e-23 4.139595561544427964e-04 0.000000000000000000e+00 8.211652138255637334e-02 1.533623736559208695e-01
1.294643000000000044e-01 5.143926837588383531e-22 4.016738580503423275e-04 0.000000000000000000e+00 8.178039949411924914e-02 1.505260737366670432e-01
1.324799000000000115e-01 3.766703928797810415e-21 4.081195409599884202e-04 0.000000000000000000e+00 8.574308757722010066e-02 1.490976202883946000e-01
1.355657999999999863e-01 2.417648448564286940e-20 4.020952364677512418e-04 0.000000000000000000e+00 8.522030345472368651e-02 1.475892491539595175e-01
1.387234999999999996e-01 1.372978562295400567e-19 3.508800952365538606e-04 0.000000000000000000e+00 7.438275100510391424e-02 1.459853935434599626e-01
1.419547999999999921e-01 6.966392418557697932e-19 3.497891235354320277e-04 0.000000000000000000e+00 7.380776628514225390e-02 1.444313728902898164e-01
1.452613000000000099e-01 3.226112132081796333e-18 3.624677353452422689e-04 0.000000000000000000e+00 7.654100700704623284e-02 1.448297018120086599e-01
1.486448999999999965e-01 1.433689473774778087e-17 3.516741788883239210e-04 0.000000000000000000e+00 7.281534893704204314e-02 1.536207366125168505e-01
1.521073000000000008e-01 5.899700258154458337e-17 3.562003764830919193e-04 0.000000000000000000e+00 7.306277347006193135e-02 1.651867348485005216e-01
1.556502999999999914e-01 1.992809026055077954e-16 3.636721389372452235e-04 0.000000000000000000e+00 7.330150365787173328e-02 1.586314357535981157e-01
1.592758999999999980e-01 5.800617742861763119e-16 3.714472019919094281e-04 0.000000000000000000e+00 7.352859766953065424e-02 1.420158627485257341e-01
1.629858999999999891e-01 1.657368092164470535e-15 3.796074206099715612e-04 0.000000000000000000e+00 7.376836719976923029e-02 1.343198733114090715e-01
1.667822999999999944e-01 4.582974142305062258e-15 3.881962603196726052e-04 0.000000000000000000e+00 7.410717292803706280e-02 1.317100031495434809e-01
1.706671999999999911e-01 1.193011813290999293e-14 3.984669613716530106e-04 0.000000000000000000e+00 7.458021720778273966e-02 1.294968246168025916e-01
1.746425000000000061e-01 2.993644717911279226e-14 4.131406492536708369e-04 0.000000000000000000e+00 7.515322373668807676e-02 1.272464415007273919e-01
1.787104999999999944e-01 7.299163448742650928e-14 4.289849542826371077e-04 0.000000000000000000e+00 7.590589065231691246e-02 1.248868061559104542e-01
1.828732000000000135e-01 1.729085073835771046e-13 4.544232736021032362e-04 0.000000000000000000e+00 7.650306336220155656e-02 1.224077165946736018e-01
1.871327999999999880e-01 3.982381291815268956e-13 4.852987320496669255e-04 0.000000000000000000e+00 7.710040147146496325e-02 1.198614819453666519e-01
1.914916999999999869e-01 8.931167836023458538e-13 5.263469546708003308e-04 0.000000000000000000e+00 7.766279257945427061e-02 1.173157824007307198e-01
1.959520999999999902e-01 1.953654940920720083e-12 5.851115300426849028e-04 0.000000000000000000e+00 7.801502568810529670e-02 1.147336961123615329e-01
2.005164999999999864e-01 4.183385285838263736e-12 6.462837753986978243e-04 0.000000000000000000e+00 7.838537120263927571e-02 1.121277310566146934e-01
2.051871000000000111e-01 8.824699818305890290e-12 7.101378800322750333e-04 0.000000000000000000e+00 7.855241818947196475e-02 1.096139203639560078e-01
2.099665000000000004e-01 1.847449758443357272e-11 7.751395784041565946e-04 0.000000000000000000e+00 7.873302558130798601e-02 1.072498263789758849e-01
2.148573000000000011e-01 3.867983525925739444e-11 8.345857138323593176e-04 0.000000000000000000e+00 7.888218868572505205e-02 1.050840354455764014e-01
2.198618999999999990e-01 8.155899036202628301e-11 8.871444428043891595e-04 0.000000000000000000e+00 7.903266978147806265e-02 1.032557683833934398e-01
2.249831999999999943e-01 1.736880733719506183e-10 8.878453667636609535e-04 0.000000000000000000e+00 7.917144808839539361e-02 1.018305462805134259e-01
2.302237000000000033e-01 3.726903763584424253e-10 8.757776752962802671e-04 0.000000000000000000e+00 7.926134876969914700e-02 1.007676057438783856e-01
2.355862999999999985e-01 8.009881905213256633e-10 8.477314872066816880e-04 0.000000000000000000e+00 7.921232425210766870e-02 9.998935087190126414e-02
2.410738000000000048e-01 1.711806805062908989e-09 8.419028205782783450e-04 0.000000000000000000e+00 7.904261281554131324e-02 9.940626181300726838e-02
2.466890999999999945e-01 3.614168426474523531e-09 9.114510722338228441e-04 0.000000000000000000e+00 7.872217524340982542e-02 9.893856232969741593e-02
2.524352999999999736e-01 7.507564225056349794e-09 1.048159406276141748e-03 0.000000000000000000e+00 7.830416752205714148e-02 9.858300338299987031e-02
2.583152000000000226e-01 1.535287712695374719e-08 1.280292851495106994e-03 0.000000000000000000e+00 7.781149502818329733e-02 9.862931026831026071e-02
2.643322000000000171e-01 3.202638350227429657e-08 1.795276797278701989e-03 0.000000000000000000e+00 7.730395313612715980e-02 1.027572299022512931e-01
2.704892999999999881e-01 7.216468128831507858e-08 2.471092604289563521e-03 0.000000000000000000e+00 7.680486667377776910e-02 1.180558644934036339e-01
2.767897999999999747e-01 1.513771067921927324e-07 3.239455156560358453e-03 0.000000000000000000e+00 7.642635037980016754e-02 1.288268890939596734e-01
2.832370000000000165e-01 2.559955382282762030e-07 4.248957813873302340e-03 0.000000000000000000e+00 7.612767607751827481e-02 1.155377954723030703e-01
2.898344999999999949e-01 4.029886891329192619e-07 5.505907303416063096e-03 0.000000000000000000e+00 7.594112321472257232e-02 9.823960933370375070e-02
2.965856000000000048e-01 6.894361483358442898e-07 6.899166745048378874e-03 0.000000000000000000e+00 7.599517383146095484e-02 9.237239682275955044e-02
3.034938999999999831e-01 1.202376550626311596e-06 7.849898912187293701e-03 0.000000000000000000e+00 7.629318207898398707e-02 9.001462692955276845e-02
3.105631999999999837e-01 2.063367391255411766e-06 9.215308623954230477e-03 0.000000000000000000e+00 7.693237227314389526e-02 8.767833580554176831e-02
3.177972000000000019e-01 3.478354740999387656e-06 1.284158578186372392e-02 0.000000000000000000e+00 7.793532786811573077e-02 8.515948604575518388e-02
3.251995999999999776e-01 5.768543695816353117e-06 1.443742609105720144e-02 0.000000000000000000e+00 7.933712125650284330e-02 8.254332134174650892e-02
3.327744999999999731e-01 8.533686740112341872e-06 1.533044326490905392e-02 0.000000000000000000e+00 8.125905733927103747e-02 7.979512255610839155e-02
3.405257999999999896e-01 1.045571536517873777e-05 1.632293758065485323e-02 0.000000000000000000e+00 8.346472761292154929e-02 7.687265841414289702e-02
3.484576999999999813e-01 1.227373733802088659e-05 1.800410219634417455e-02 0.000000000000000000e+00 8.631502916127872793e-02 7.394971413373753466e-02
3.565743000000000107e-01 1.404183430737699912e-05 1.849022080850509092e-02 0.000000000000000000e+00 8.489127617144108517e-02 7.102123283777778129e-02
3.648799999999999821e-01 1.593203454625375228e-05 2.286968949828262557e-02 0.000000000000000000e+00 9.252636813876069510e-02 6.812343747882280975e-02
3.733791000000000193e-01 1.819126457077975293e-05 2.417781822608527226e-02 0.000000000000000000e+00 1.440262646538166824e-01 6.527880344178425831e-02
3.820761999999999770e-01 2.112192522677874343e-05 2.079564272371969835e-02 0.000000000000000000e+00 1.137993126743898770e-01 6.248554654683378257e-02
3.909758999999999873e-01 2.511186572309553043e-05 2.456018192282064666e-02 0.000000000000000000e+00 1.216810273640497875e-01 5.977386642424112329e-02
4.000829000000000191e-01 3.066248920342849770e-05 4.123537282253356834e-02 0.000000000000000000e+00 1.291136915350027947e-01 5.716194968179676150e-02
4.094020999999999910e-01 3.845276780641585591e-05 4.967837814294692039e-02 0.000000000000000000e+00 1.331403027418479601e-01 5.467378034760038419e-02
4.189382999999999857e-01 4.940866251031892216e-05 5.033762980284357119e-02 0.000000000000000000e+00 1.352000736947913118e-01 5.232959859414602205e-02
4.286965999999999832e-01 6.477132798736867636e-05 5.533355158428440723e-02 0.000000000000000000e+00 1.314375248964802234e-01 5.013511626285231670e-02
4.386822000000000221e-01 8.619195627692253169e-05 6.546470305856497141e-02 0.000000000000000000e+00 1.357728586997493381e-01 4.810207251128455902e-02
4.489003999999999772e-01 1.166367976360810311e-04 7.590329640429085978e-02 0.000000000000000000e+00 1.376840492149548068e-01 4.657457316669006558e-02
4.593567000000000067e-01 1.708086932393852438e-04 8.305870375287395524e-02 0.000000000000000000e+00 1.378757115542908196e-01 4.870933124387210461e-02
4.700563999999999854e-01 2.910940506135720239e-04 8.635981394825134605e-02 0.000000000000000000e+00 1.369947273255361642e-01 5.947920451081319809e-02
4.810054999999999747e-01 4.452729490330176198e-04 9.164667991650762846e-02 0.000000000000000000e+00 1.441661878759964432e-01 6.569837571752394634e-02
4.922095000000000220e-01 5.053704197707677278e-04 9.119753649267947626e-02 0.000000000000000000e+00 1.611371006054080068e-01 5.445208845612212883e-02
5.036745999999999723e-01 5.265815867995275127e-04 8.883705608713025892e-02 0.000000000000000000e+00 1.839522103568655420e-01 4.200432153891517362e-02
5.154066000000000480e-01 6.393177893475139248e-04 8.633530032310066105e-02 0.000000000000000000e+00 1.292575441599674579e-01 3.832981207580922478e-02
5.274119999999999919e-01 8.138411144130308509e-04 9.746599150626780728e-02 0.000000000000000000e+00 1.308559935894954285e-01 3.724930241891075133e-02
5.396969999999999823e-01 1.025873282490651376e-03 1.028830248179661844e-01 0.000000000000000000e+00 1.267922690689108622e-01 3.639306862148401073e-02
5.522681999999999869e-01 1.277451265052034334e-03 1.061938283143022965e-01 0.000000000000000000e+00 1.270657132717770976e-01 3.562074826447769738e-02
5.651321999999999734e-01 1.574174151750747184e-03 1.101642253205221827e-01 0.000000000000000000e+00 1.262806412709748249e-01 3.492816691581233923e-02
5.782958000000000265e-01 1.923681766470700279e-03 1.110236762804915345e-01 0.000000000000000000e+00 1.266411092728053078e-01 3.430893976403138340e-02
5.917660000000000142e-01 2.336668357627220451e-03 1.132058236443300170e-01 0.000000000000000000e+00 1.275280247424209201e-01 3.375572715840190891e-02
6.055500000000000327e-01 2.852907676948307318e-03 1.232479233480085201e-01 0.000000000000000000e+00 1.274467472235587262e-01 3.355272114529433969e-02
6.196551000000000142e-01 3.821805595755304197e-03 1.225128156467159418e-01 0.000000000000000000e+00 1.266438883569317164e-01 3.668696104163341604e-02
6.340886999999999496e-01 6.191929696181861821e-03 1.197666955894192281e-01 0.000000000000000000e+00 1.254800208591245470e-01 4.852377029995896124e-02
6.488585000000000047e-01 8.833782270682877247e-03 1.264802490616123432e-01 0.000000000000000000e+00 1.242269968616658143e-01 5.640656099515573701e-02
6.639724000000000181e-01 8.863417752858503140e-03 1.311950655945221256e-01 0.000000000000000000e+00 1.227614941931465253e-01 4.594666526286166758e-02
6.794383000000000505e-01 7.942567792504308041e-03 1.325123151418280687e-01 0.000000000000000000e+00 1.211835424551698515e-01 3.326125626449821099e-02
6.952644000000000046e-01 8.783235339334474062e-03 1.362945251020113713e-01 0.000000000000000000e+00 1.195542980475411826e-01 2.954410759791530755e-02
7.114591999999999583e-01 1.063807518734917641e-02 1.336203228523953901e-01 0.000000000000000000e+00 1.176885066053597051e-01 2.857112323939487233e-02
7.280311999999999895e-01 1.302549928531368528e-02 1.376098082817856227e-01 0.000000000000000000e+00 1.158457140543468072e-01 2.777532373794497009e-02
7.449892999999999654e-01 1.603605925781413644e-02 1.501321608197688784e-01 0.000000000000000000e+00 1.140759284288381525e-01 2.702157954382470098e-02
7.623423000000000282e-01 1.984120205593302780e-02 1.487795419444768175e-01 0.000000000000000000e+00 1.122494246986415339e-01 2.633434918036504924e-02
7.800994999999999457e-01 2.464219097549611576e-02 1.430928674618226759e-01 0.000000000000000000e+00 1.105952671984784530e-01 2.573102396286218799e-02
7.982704000000000466e-01 3.065118375515933288e-02 1.420207856202424790e-01 0.000000000000000000e+00 1.089995615506370447e-01 2.521445700200591541e-02
8.168644999999999934e-01 3.807027514753837799e-02 1.522323799488744245e-01 0.000000000000000000e+00 1.074868778909612577e-01 2.478280341519122076e-02
8.358917000000000153e-01 4.704815385047630277e-02 1.547526053717235284e-01 0.000000000000000000e+00 1.061410085464637443e-01 2.443093405221011261e-02
8.553621000000000141e-01 5.761488754114593019e-02 1.515336632542759743e-01 0.000000000000000000e+00 1.049570397786866033e-01 2.415164308813938510e-02
8.752860999999999558e-01 6.961441172365516461e-02 1.642577843570990348e-01 0.000000000000000000e+00 1.038700384773453556e-01 2.394261615811416055e-02
8.956741000000000286e-01 8.260671808639102887e-02 1.663205759146365870e-01 0.000000000000000000e+00 1.028698546960165050e-01 2.380067785747969067e-02
9.165370000000000461e-01 9.647435839418724846e-02 1.714130798551487533e-01 0.000000000000000000e+00 1.018512807428053751e-01 2.371803557070023202e-02
9.378859000000000501e-01 1.121116927511281169e-01 1.643470646107353661e-01 0.000000000000000000e+00 1.008582050737360097e-01 2.369429397633517412e-02
9.597320999999999769e-01 1.298744005495427456e-01 1.672166607305861641e-01 0.000000000000000000e+00 1.000547090940085149e-01 2.372643718115607578e-02
9.820870999999999906e-01 1.499574734760863448e-01 1.715561635341679159e-01 0.000000000000000000e+00 9.946105670358026951e-02 2.380653997821412932e-02
1.004963000000000051e+00 1.725391323206340588e-01 1.795876082880020208e-01 0.000000000000000000e+00 9.730775514832312734e-02 2.392512608531875001e-02
1.028370999999999924e+00 1.978018395129176321e-01 1.800375148627049449e-01 0.000000000000000000e+00 9.456475430303576402e-02 2.407542229054515301e-02
1.052324999999999955e+00 2.259991811735011791e-01 1.773411046230401467e-01 0.000000000000000000e+00 9.121079615773436400e-02 2.425984883641891035e-02
1.076837000000000044e+00 2.573536826433017732e-01 1.737955575367741423e-01 0.000000000000000000e+00 8.676703857128657826e-02 2.447568927043924231e-02
1.101920000000000011e+00 2.920651882145688383e-01 1.701172297946708656e-01 0.000000000000000000e+00 8.387072089665692509e-02 2.471844095098720689e-02
1.127586999999999895e+00 3.304260649251089532e-01 1.678777125572063489e-01 0.000000000000000000e+00 8.113031034579050449e-02 2.499171709193923063e-02
1.153852000000000100e+00 3.728702707690781382e-01 1.679200260288275237e-01 0.000000000000000000e+00 7.849564046166769560e-02 2.530677217408257990e-02
1.180728000000000000e+00 4.199245383768203665e-01 1.649035537626635517e-01 0.000000000000000000e+00 7.573059801402273750e-02 2.567553332031129523e-02
1.208231000000000055e+00 4.720381953856039314e-01 1.635908884321765344e-01 0.000000000000000000e+00 7.319869227280267898e-02 2.610022801790904540e-02
1.236374000000000084e+00 5.297005082533967624e-01 1.633786315231967878e-01 0.000000000000000000e+00 7.124614344645439912e-02 2.658313333204441464e-02
1.265173000000000103e+00 5.934065202737706102e-01 1.611705418611822094e-01 0.000000000000000000e+00 6.880410277908989569e-02 2.712492464195226036e-02
1.294642999999999988e+00 6.636717066553908806e-01 1.597096088032618488e-01 0.000000000000000000e+00 6.609901086245748014e-02 2.772592570443833254e-02
1.324799000000000060e+00 7.411406175491189741e-01 1.571932451187035840e-01 0.000000000000000000e+00 6.452784900708773141e-02 2.839044843996364753e-02
1.355658000000000030e+00 8.266752775405507014e-01 1.544578292404193975e-01 0.000000000000000000e+00 6.302457503974492892e-02 2.912836241108777285e-02
1.387234999999999996e+00 9.211207356718544847e-01 1.515324750817511057e-01 0.000000000000000000e+00 6.187349003928076935e-02 2.994524544519566039e-02
1.419548000000000032e+00 1.025269453407645415e+00 1.467805493639488534e-01 0.000000000000000000e+00 6.034729139898423883e-02 3.084268560403393908e-02
1.452612999999999932e+00 1.140010142994571263e+00 1.488311943814736027e-01 0.000000000000000000e+00 5.924669996301521607e-02 3.182380251632131035e-02
1.486448999999999909e+00 1.266239839835345160e+00 1.497085689298724709e-01 0.000000000000000000e+00 5.834031653079190666e-02 3.289048080805710705e-02
1.521072999999999897e+00 1.404700947439945002e+00 1.563805325014966663e-01 0.000000000000000000e+00 5.809806726909299418e-02 3.403985628964387167e-02
1.556502999999999970e+00 1.556375666911307354e+00 1.569979309563147296e-01 0.000000000000000000e+00 5.685336539228369457e-02 3.527484620007258903e-02
1.592759000000000036e+00 1.722121763212806966e+00 1.530421567050299914e-01 0.000000000000000000e+00 5.386933720442971946e-02 3.659474570286044837e-02
1.629858999999999947e+00 1.902434507400361019e+00 1.557017760895085257e-01 0.000000000000000000e+00 5.340814120424206696e-02 3.799160345199540517e-02
1.667823000000000055e+00 2.097245576287665614e+00 1.561750757402048939e-01 0.000000000000000000e+00 5.162127713548732288e-02 3.944863638711522402e-02
1.706671999999999967e+00 2.306651702992421171e+00 1.536215113937188514e-01 0.000000000000000000e+00 4.996553735245263389e-02 4.095581486441782909e-02
1.746424999999999894e+00 2.530786584785402749e+00 1.451077657038535584e-01 0.000000000000000000e+00 4.741134201504774992e-02 4.250612584476307076e-02
1.787104999999999944e+00 2.769177424638789464e+00 1.348490503445166355e-01 0.000000000000000000e+00 4.553403928884781210e-02 4.408467755173580555e-02
1.828732000000000024e+00 3.020433665989766592e+00 1.258717820393931430e-01 0.000000000000000000e+00 4.316282074471118613e-02 4.566605977428840613e-02
1.871328000000000102e+00 3.283282620731886148e+00 1.183920341756988931e-01 0.000000000000000000e+00 4.082001379353890347e-02 4.723191122051177693e-02
1.914916999999999980e+00 3.556655663555382318e+00 1.130929041785244532e-01 0.000000000000000000e+00 3.903438513678712807e-02 4.877059595442776591e-02
1.959521000000000068e+00 3.838725780068274140e+00 1.065531662346652225e-01 0.000000000000000000e+00 3.695681062619071006e-02 5.026314891454927020e-02
2.005164999999999864e+00 4.129274197628928889e+00 1.015327133939436105e-01 0.000000000000000000e+00 3.550180555609875471e-02 5.171452001136946086e-02
2.051870999999999778e+00 4.428813800912057452e+00 9.830029845806917410e-02 0.000000000000000000e+00 3.390210059661140363e-02 5.313805074779295173e-02
2.099664999999999893e+00 4.738399013933375592e+00 9.552209610086745406e-02 0.000000000000000000e+00 3.229060250843056312e-02 5.455152613913118176e-02
2.148572999999999844e+00 5.057820091557655218e+00 9.266043637309828718e-02 0.000000000000000000e+00 3.086133100811917426e-02 5.595626597802400015e-02
2.198618999999999879e+00 5.386087308335225643e+00 8.884789506143483950e-02 0.000000000000000000e+00 2.931864515211878019e-02 5.734532794756911495e-02
2.249832000000000054e+00 5.721441801825608131e+00 8.490028366671156790e-02 0.000000000000000000e+00 2.795222094562826998e-02 5.870509163073093367e-02
2.302236999999999867e+00 6.060841095183069349e+00 7.405383008745060336e-02 0.000000000000000000e+00 2.506143362359581142e-02 6.001130649444367388e-02
2.355862999999999818e+00 6.406033334116176370e+00 6.413223149571493920e-02 0.000000000000000000e+00 2.213179456256906749e-02 6.128896373034579265e-02
2.410737999999999825e+00 6.755667437987351143e+00 5.813277982137977223e-02 0.000000000000000000e+00 2.047971482229036383e-02 6.253119940787620068e-02
2.466890999999999945e+00 7.105564459019831247e+00 5.094233299840054963e-02 0.000000000000000000e+00 1.946194337554514250e-02 6.370672229726503932e-02
2.524353000000000069e+00 7.453664001351675061e+00 4.463353874805802562e-02 0.000000000000000000e+00 1.897900706690319045e-02 6.480647715550466592e-02
2.583152000000000115e+00 7.798707841537935614e+00 4.465265164595670633e-02 0.000000000000000000e+00 1.828240317684151628e-02 6.582920180351417572e-02
2.643321999999999949e+00 8.140309779556799796e+00 4.384531240879144254e-02 0.000000000000000000e+00 1.769123015405951391e-02 6.678085142388534567e-02
2.704893000000000214e+00 8.478070391216526502e+00 4.283000663144243686e-02 0.000000000000000000e+00 1.721609193715870414e-02 6.766651997810960162e-02
2.767898000000000192e+00 8.814249576505083894e+00 4.137226181942692260e-02 0.000000000000000000e+00 1.661564896481735124e-02 6.851131304025777358e-02
2.832370000000000054e+00 9.150246504130395309e+00 3.983014042434782076e-02 0.000000000000000000e+00 1.600481618125376357e-02 6.933114602181761343e-02
2.898344999999999949e+00 9.487884100707862700e+00 3.806951900508741271e-02 0.000000000000000000e+00 1.533788153908465651e-02 7.014341017092479147e-02
2.965856000000000048e+00 9.832157707651317580e+00 3.626965723119078555e-02 0.000000000000000000e+00 1.465174367349485023e-02 7.098668042807600165e-02
3.034939000000000053e+00 1.018455196580706712e+01 3.471037534918886003e-02 0.000000000000000000e+00 1.391177444489618067e-02 7.187120890900500214e-02
3.105631999999999948e+00 1.054207621340413858e+01 3.347841125917080940e-02 0.000000000000000000e+00 1.319840180099318347e-02 7.277546663002572302e-02
3.177972000000000019e+00 1.090196534698995379e+01 3.216629467143954091e-02 0.000000000000000000e+00 1.254951748959886627e-02 7.368128206406544811e-02
3.251996000000000109e+00 1.126391655196439956e+01 3.084657001602714513e-02 0.000000000000000000e+00 1.412973154830305701e-02 7.458824363823043924e-02
3.327745000000000175e+00 1.162076085662722136e+01 2.938908592828382710e-02 0.000000000000000000e+00 1.698036374232325674e-02 7.545133988007531045e-02
3.405257999999999896e+00 1.196638431474804953e+01 2.783914371094533408e-02 0.000000000000000000e+00 1.321924282973949497e-02 7.623561043742244081e-02
3.484576999999999813e+00 1.229409263137986486e+01 2.627740887611153958e-02 0.000000000000000000e+00 1.180095374308150549e-02 7.690485264843913149e-02
3.565742999999999885e+00 1.260147239932542895e+01 2.469083860338172273e-02 0.000000000000000000e+00 9.808816384632412441e-03 7.745148667740263393e-02
3.648800000000000043e+00 1.288808667957012766e+01 2.312852764684732165e-02 0.000000000000000000e+00 9.059721100841645544e-03 7.788009606006801588e-02
3.733791000000000082e+00 1.315380357534499112e+01 2.152522490151994455e-02 0.000000000000000000e+00 8.536128344407098792e-03 7.819647539514075485e-02
3.820762000000000214e+00 1.340128154098860236e+01 2.011027630685128728e-02 0.000000000000000000e+00 8.149626395499112719e-03 7.842209183582801724e-02
3.909759000000000206e+00 1.363556509635187552e+01 1.866383854050672475e-02 0.000000000000000000e+00 7.755476371976741806e-03 7.859059214603546228e-02
4.000829000000000413e+00 1.386281763316525151e+01 1.724090931437804314e-02 0.000000000000000000e+00 7.355648319788632428e-03 7.873979101006989278e-02
4.094020999999999688e+00 1.409326366557153243e+01 1.600002584259977920e-02 0.000000000000000000e+00 7.027605114775526025e-03 7.892796713263890152e-02
4.189383000000000301e+00 1.433712828447714394e+01 1.486119209003971750e-02 0.000000000000000000e+00 6.733128441344170961e-03 7.921017128039639643e-02
4.286965999999999610e+00 1.460124567344198176e+01 1.343052419536031397e-02 0.000000000000000000e+00 6.279504861568619388e-03 7.962012750997723987e-02
4.386822000000000443e+00 1.489001576337708599e+01 1.163227623043049282e-02 0.000000000000000000e+00 5.558592771878489297e-03 8.017689266849334362e-02
4.489004000000000438e+00 1.520559961398571325e+01 1.050049059553689185e-02 0.000000000000000000e+00 5.177534595815440517e-03 8.088688475244967813e-02
4.593567000000000178e+00 1.554970219818379107e+01 9.780391477212784304e-03 0.000000000000000000e+00 5.036939296276253357e-03 8.175404820149748120e-02
4.700563999999999965e+00 1.592230035396111631e+01 9.251796085761463534e-03 0.000000000000000000e+00 5.022196851293475421e-03 8.277339697063992863e-02
4.810055000000000192e+00 1.631933387781701583e+01 8.716460068401370165e-03 0.000000000000000000e+00 5.044239374282741793e-03 8.391963309673573790e-02
4.922094999999999665e+00 1.673111922825788156e+01 8.160167372953559817e-03 0.000000000000000000e+00 5.056248666509547372e-03 8.514011609976790407e-02
5.036745999999999945e+00 1.714925368774149916e+01 7.660658969642729701e-03 0.000000000000000000e+00 5.093407452247975496e-03 8.639094430596368224e-02
5.154066000000000258e+00 1.756808449611994760e+01 7.180571066768512770e-03 0.000000000000000000e+00 5.177993204632056617e-03 8.764371708458953969e-02
5.274119999999999919e+00 1.797711147370058526e+01 6.743059917260311141e-03 0.000000000000000000e+00 5.318666956342514400e-03 8.884714717509685500e-02
5.396969999999999601e+00 1.837068617233212819e+01 6.328499690048188311e-03 0.000000000000000000e+00 5.483976024297151745e-03 8.997552189666103983e-02
5.522681999999999647e+00 1.874576823953723803e+01 5.935460179695524127e-03 0.000000000000000000e+00 5.676625683361692133e-03 9.101657456733459883e-02
5.651322000000000401e+00 1.909865108476735429e+01 5.556633983840847391e-03 0.000000000000000000e+00 5.880087361101479435e-03 9.195509847948740711e-02
5.782957999999999821e+00 1.942634129264170184e+01 5.204894143812458310e-03 0.000000000000000000e+00 6.095238402583762552e-03 9.277962859987649857e-02
5.917659999999999698e+00 1.972940730258278563e+01 4.855239755135146162e-03 0.000000000000000000e+00 6.323877801045487204e-03 9.349576593786033951e-02
6.055500000000000327e+00 2.000955836862369708e+01 4.534467414010387963e-03 0.000000000000000000e+00 1.182013568720123586e-02 9.411413203861859755e-02
6.196551000000000364e+00 2.026682948250940441e+01 4.242847741131599779e-03 0.000000000000000000e+00 3.600276676644729307e-02 9.463706123177970109e-02
6.340887000000000384e+00 2.050091015434676578e+01 3.967162859431897816e-03 0.000000000000000000e+00 1.815172389279177956e-02 9.506507862174948253e-02
6.488584999999999603e+00 2.071198098148830624e+01 3.712360042795492462e-03 0.000000000000000000e+00 7.418022994359161661e-03 9.540082425251888987e-02
6.639724000000000181e+00 2.089778585189836235e+01 3.474796501013116892e-03 0.000000000000000000e+00 7.681519351897397006e-03 9.563559268322062434e-02
6.794382999999999839e+00 2.105414053399899288e+01 3.250111214368615279e-03 0.000000000000000000e+00 7.966427009915080792e-03 9.575200916314847988e-02
6.952644000000000268e+00 2.117854296500311051e+01 3.040334875689539983e-03 0.000000000000000000e+00 8.278551292220005450e-03 9.574059892497700786e-02
7.114592000000000027e+00 2.127515962510927139e+01 2.842043590762424483e-03 0.000000000000000000e+00 8.979971869011780725e-03 9.562194415289460014e-02
7.280312000000000339e+00 2.135068776605735508e+01 2.654753514384432765e-03 0.000000000000000000e+00 1.789754778925697551e-02 9.542734299180732904e-02
7.449893000000000320e+00 2.141064332711820128e+01 2.477500223807097956e-03 0.000000000000000000e+00 2.611863022321329539e-02 9.518206171567689111e-02
7.623422999999999838e+00 2.146683939741406988e+01 2.314126430319529693e-03 0.000000000000000000e+00 3.318476232389733216e-02 9.493862222800662776e-02
7.800995000000000346e+00 2.153712502151357100e+01 2.160492230893665700e-03 0.000000000000000000e+00 3.063139225239103897e-02 9.477501860926765276e-02
7.982704000000000022e+00 2.163046690092030744e+01 2.016642145925430941e-03 0.000000000000000000e+00 2.689157081051273684e-02 9.472885737909959858e-02
8.168644999999999712e+00 2.175034524031467242e+01 1.883270019736752853e-03 0.000000000000000000e+00 1.960448398174067380e-02 9.481321370117487546e-02
8.358916999999999931e+00 2.190166345666780501e+01 1.758961342367385819e-03 0.000000000000000000e+00 1.169749256625358426e-02 9.504721701851408244e-02
8.553620999999999697e+00 2.209092020824242653e+01 1.643987992878290618e-03 0.000000000000000000e+00 1.188112181201185502e-02 9.545667871407512162e-02
8.752860999999999336e+00 2.231734512125803960e+01 1.536816423356521157e-03 0.000000000000000000e+00 1.222346493359472569e-02 9.603583081196614968e-02
8.956740999999999175e+00 2.257345701127618653e+01 1.436706194126379952e-03 0.000000000000000000e+00 1.163670134937890704e-02 9.675037764548984065e-02
9.165369999999999351e+00 2.284645484953315986e+01 1.343518084556604699e-03 0.000000000000000000e+00 1.121445702395689609e-02 9.754396934986263312e-02
9.378859000000000279e+00 2.311963684395126251e+01 1.256590111492001532e-03 0.000000000000000000e+00 1.109831957186588336e-02 9.834459792825543667e-02
9.597321000000000879e+00 2.337361188670458745e+01 1.174938543100204503e-03 0.000000000000000000e+00 1.117491406179542401e-02 9.906993868977433115e-02
9.820871000000000350e+00 2.359595039439107467e+01 1.090538015457557380e-03 0.000000000000000000e+00 1.122432614212142722e-02 9.966820551643090775e-02
1.004963000000000051e+01 2.378282408583513430e+01 1.004295460591164268e-03 0.000000000000000000e+00 1.097721338305616620e-02 1.001244545979169814e-01
1.028370999999999924e+01 2.392663922365600371e+01 9.370442267204205904e-04 0.000000000000000000e+00 1.095111727138874287e-02 1.004080447880830451e-01
1.052325000000000088e+01 2.402489695876679932e+01 8.729856169155075611e-04 0.000000000000000000e+00 1.098240741927433012e-02 1.005099358220640782e-01
1.076837000000000089e+01 2.407569200030139100e+01 8.133038492546224929e-04 0.000000000000000000e+00 1.101550934014048841e-02 1.004235653989445087e-01
1.101919999999999966e+01 2.407955728038766807e+01 7.577013671447479278e-04 0.000000000000000000e+00 1.489234507870975006e-02 1.001524827496614728e-01
1.127586999999999939e+01 2.403245585882993751e+01 7.058999466270258561e-04 0.000000000000000000e+00 3.648771548560239553e-02 9.968114068148059559e-02
1.153852000000000011e+01 2.394315668086713345e+01 6.576397508292220482e-04 0.000000000000000000e+00 2.167709413952328967e-02 9.904703732276914918e-02
1.180728000000000044e+01 2.386830800561597599e+01 6.126747007168464269e-04 0.000000000000000000e+00 1.110336865295187547e-02 9.848474776201433800e-02
1.208230999999999966e+01 2.384075436624234356e+01 5.707826651325960659e-04 0.000000000000000000e+00 1.116448447122940155e-02 9.812848498326577629e-02
1.236373999999999995e+01 2.389799370785742383e+01 5.317536121837645536e-04 0.000000000000000000e+00 1.123419447709795606e-02 9.813034421031464893e-02
1.265173000000000059e+01 2.405654406881797414e+01 4.953861917070379430e-04 0.000000000000000000e+00 1.136129353280875519e-02 9.855518968359726351e-02
1.294642999999999944e+01 2.429968770846668136e+01 4.615030363915534426e-04 0.000000000000000000e+00 1.147716337330138316e-02 9.933163123119767568e-02
1.324798999999999971e+01 2.463111901988530050e+01 4.299317666752484478e-04 0.000000000000000000e+00 1.158263334026785746e-02 1.004723470118162043e-01
1.355658000000000030e+01 2.512346863975772138e+01 4.005152185125386804e-04 0.000000000000000000e+00 1.167883708871705895e-02 1.022706880063147805e-01
1.387235000000000085e+01 2.586083312916620258e+01 3.731052951758987378e-04 0.000000000000000000e+00 1.176737250984508446e-02 1.050644238314682039e-01
1.419547999999999988e+01 2.695833064518232902e+01 3.475662097267380370e-04 0.000000000000000000e+00 1.185016796540816486e-02 1.093148089278875995e-01
1.452613000000000021e+01 2.838491568986029279e+01 3.237705028335830112e-04 0.000000000000000000e+00 1.192954631321609289e-02 1.148884972946851157e-01
1.486448999999999998e+01 2.994246964829911306e+01 3.016001118901727581e-04 0.000000000000000000e+00 1.200851924287495674e-02 1.209785853895043034e-01
1.521072999999999986e+01 3.138252863013486049e+01 2.809454132445876389e-04 0.000000000000000000e+00 1.209141554461023484e-02 1.265810555756469169e-01
1.556503000000000014e+01 3.251991835948503251e+01 2.617023757987678055e-04 0.000000000000000000e+00 1.220158360928657974e-02 1.309534835552956800e-01
1.592759000000000036e+01 3.332432474352458485e+01 2.437770826462998318e-04 0.000000000000000000e+00 1.248681554162250212e-02 1.339805484726976914e-01
1.629859000000000080e+01 3.381693661766627201e+01 2.270801004161665938e-04 0.000000000000000000e+00 1.283214315620782170e-02 1.357539424272327100e-01
1.667822999999999922e+01 3.397538612606663122e+01 2.115295901420245089e-04 0.000000000000000000e+00 1.321119203131470958e-02 1.361897685870485375e-01
1.706672000000000011e+01 3.373020180923430189e+01 1.970487293958052711e-04 0.000000000000000000e+00 1.363498915871447573e-02 1.350156577368170630e-01
1.746424999999999983e+01 3.302256817713413994e+01 1.835670636652098357e-04 0.000000000000000000e+00 1.411076805529866071e-02 1.320029192619769087e-01
1.787105000000000032e+01 3.186190513863365936e+01 1.710191497014577292e-04 0.000000000000000000e+00 1.463464369542023975e-02 1.271960096743410262e-01
1.828732000000000113e+01 3.025397075886348475e+01 1.593444836668374677e-04 0.000000000000000000e+00 1.518822886923579946e-02 1.206240662108878925e-01
1.871328000000000102e+01 2.839603082765536257e+01 1.484848731339634290e-04 0.000000000000000000e+00 1.574828584827885070e-02 1.130782496525045283e-01
1.914917000000000158e+01 2.657657336618737176e+01 1.383855548400680523e-04 0.000000000000000000e+00 1.635243405909081113e-02 1.057084180166527332e-01
1.959521000000000157e+01 2.512909968194600907e+01 1.289935427385725526e-04 0.000000000000000000e+00 1.702965709601585165e-02 9.983785906493702900e-02
2.005164999999999864e+01 2.431082385195768580e+01 1.202586684707622369e-04 0.000000000000000000e+00 1.765980103446811514e-02 9.648141476219539159e-02
2.051870999999999867e+01 2.436590227781405460e+01 1.121334023334310756e-04 0.000000000000000000e+00 1.823602855357204372e-02 9.659828224887735681e-02
2.099664999999999893e+01 2.529068418484550307e+01 1.045740371784791727e-04 0.000000000000000000e+00 1.873273867790324967e-02 1.001629339952559566e-01
2.148573000000000022e+01 2.702462213854503403e+01 9.753817030352025547e-05 0.000000000000000000e+00 1.912562828540001481e-02 1.069255941200766419e-01
2.198619000000000057e+01 2.953671904992927111e+01 9.098765121441152576e-05 0.000000000000000000e+00 1.941434942562552182e-02 1.167549553774824000e-01
2.249831999999999965e+01 3.271138327594759687e+01 8.488636429518344264e-05 0.000000000000000000e+00 1.968518263146899760e-02 1.291867259599954743e-01
2.302236999999999867e+01 3.630956986755327165e+01 7.920168068916081500e-05 0.000000000000000000e+00 1.977515193236499894e-02 1.432716757042022671e-01
2.355863000000000085e+01 4.005739824597542764e+01 7.390303590641264986e-05 0.000000000000000000e+00 1.961773667219187875e-02 1.579268774420443666e-01
2.410737999999999914e+01 4.375168332657534620e+01 6.896274542083381798e-05 0.000000000000000000e+00 1.926740702150226206e-02 1.723516591476513260e-01
2.466891000000000034e+01 4.726221245720685715e+01 6.435536085588326358e-05 0.000000000000000000e+00 1.882052156839947310e-02 1.860351348134759997e-01
2.524352999999999980e+01 5.047927622310179885e+01 6.005741159026378831e-05 0.000000000000000000e+00 1.837611659146758114e-02 1.985485106128385968e-01
2.583152000000000115e+01 5.335907190680182310e+01 5.604748197885191062e-05 0.000000000000000000e+00 1.803477199622751867e-02 2.097231083868695833e-01
2.643321999999999861e+01 5.588117622175182930e+01 5.230586082257492579e-05 0.000000000000000000e+00 1.798683333321273239e-02 2.194823208889781219e-01
2.704892999999999859e+01 5.803649496951338449e+01 4.881435439163213982e-05 0.000000000000000000e+00 1.812116909428203998e-02 2.277939740653950884e-01
2.767897999999999925e+01 5.982221637744629561e+01 4.555608258766524483e-05 0.000000000000000000e+00 1.837973745052110669e-02 2.346503823527242016e-01
2.832369999999999877e+01 6.122307412978970120e+01 4.251533713191342538e-05 0.000000000000000000e+00 1.875739664443432791e-02 2.399948289396451606e-01
2.898345000000000127e+01 6.222693717634478361e+01 3.967762092316341044e-05 0.000000000000000000e+00 1.923489166515657614e-02 2.437828002640778924e-01
2.965856000000000137e+01 6.278821784148989593e+01 3.694704436125109947e-05 0.000000000000000000e+00 1.972810058432698799e-02 2.458386801726948623e-01
